1701
0.488253412773308
-0.135166397026988
-0.0941180005989028
-0.251591546411285
0.0764763043344309
0.0770002422781539
-0.411058024577278
-0.549331417945207
0.0196347513794823
0.331425225202325
-0.16046117750839
0.21984929508697
0.193502356832907
0.442505802518443
0.179557951065685
-0.174481962640078
-0.454342022642026
-0.0315044316728145
0.351551730210816
0.0356479195484434
0.19009170015214
0.140906670766327
0.571495819961829
0.324582783346668
0.101958303597552
-0.162713442724679
0.105505185191535
0.269977301803676
0.128201892462107
0.198314288460802
-0.215558905778409
0.0378858031963973
-0.187360893555488
-0.404205630002956
-0.49464995535594
-0.0773806227097832
0.015666143042225
0.295907528408369
0.632969747316704
0.219935560296087
0.268374817651853
-0.0186224338140361
-0.171189458006384
-0.218370301795281
0.00160015579235216
0.136395458966413
0.373068459206771
0.726650259506217
0.327196582877971
0.210402846532618
0.0670170236598088
0.10684347961739
0.0842945096433794
0.117257512253804
0.362135301241766
0.38351089032523
0.216227131793579
-0.155844880575524
0.245294644813232
0.12046642651436
-0.266000018928486
-0.114916591616834
0.42896911826423
0.222445342064992
0.465983049144871
0.561319319920382
0.152618390176573
0.191360240254514
-0.0109702879637302
-0.0400375502051136
0.0575388603411773
0.336157054158377
0.199465914543247
0.398598001481191
0.467504337730624
0.182166838560158
0.226290555125773
0.122541014822644
0.234903875663027
0.286982993425383
0.361289909482972
0.204512818288568
-0.097749564124523
0.0508792553812049
0.0176828319831505
0.449229960885215
0.228416957019256
0.0383900660171657
-0.22625890754922
-0.00123730214770987
0.201061671495376
-0.115401788060994
0.0145035735093908
0.00412668309753191
0.452395477273456
0.342997319723823
0.177936936375525
-0.0331535533773957
-0.0105531947108328
0.0447600396790041
-0.243681540552229
-0.084267883937391
0.0292828919805433
0.366003846246039
0.503433641951563
0.302349946931121
-0.0343002749442143
-0.113554256598156
-0.0448344063735068
0.15415999951901
0.496912906653567
0.118463413406616
0.0428953666658276
-0.0762949603724444
-0.00625113308950996
-0.0105452375531828
-0.0727965142510073
-0.270197185105022
-0.0266104628991276
0.445497279428794
0.212248014065447
0.212907226686918
0.0387647044993943
0.0785467194489459
0.0323100021133844
-0.0548312107431121
-0.194945507967847
0.0604479796217113
0.421024895706628
0.0248401967690412
0.152522600239027
0.144591100537995
0.219885101756978
0.194790917702413
-0.0520942937652975
0.0170651969610003
0.147674092615945
0.242516759422903
-0.0342483342877791
0.0423721072385006
-0.0360408749730483
0.0812325320747597
0.118910123687626
0.124181367953077
-0.106890857316606
0.113521130559917
0.200231891190637
0.00827266468071696
0.0967376973509204
-0.00813972144746134
-0.0152427527184571
0.124057580317637
0.186081289107193
-0.0615842360343277
0.19340734083013
0.146328178751581
-0.0835055376688739
0.0799263202012766
0.0278251564818497
0.111064750091485
0.291960484851262
0.235885147276126
0.0978468331871035
-0.216008837592187
-0.1333022391467
-0.019406054178375
0.364384387709035
0.496974093564622
0.319269184093149
0.00904385586019835
-0.085863066298625
0.16748579178389
-0.356437329997641
-0.224610812313155
-0.166795153525935
0.311658445894548
0.267813173790825
0.0862012671289226
-0.0151558460239963
-0.0861434020935493
0.238624448819398
-0.342857159640847
-0.333477641571128
-0.313625609205247
0.299108285418862
0.201181011530179
-0.144703931066065
-0.209495920953646
-0.0124028530121555
-0.10502929763319
0.130912291425955
0.43468322606236
0.0434859633575175
0.216353270041358
0.207673161313712
0.270450739576356
0.279633370262197
0.033176473114235
-3.04080059123197e-005
-0.0346021588460283
-0.0271519921533717
-0.410788075799835
-0.0922175866676306
0.0275517874856861
0.288484576614023
0.281298683379564
0.173886795279095
0.0517987799036951
-0.179427258042258
-0.232446810199231
-0.443207923006335
-0.0769821223648986
0.0938617443552013
0.172101480836026
0.291730473954498
0.287449235452041
0.049693866233627
0.311225203299812
0.239816081127585
0.00563070917374004
0.223039176643479
0.163813679666114
0.228498552968291
0.382535456557508
0.347982732840576
0.0813820458799142
0.170286966934954
0.137870255523314
-0.282810173762829
0.00372899127412376
0.0504597233193635
0.0351496299961346
0.160158168204299
0.228570833703246
0.199842317948338
0.133382248352383
0.0276642432957671
-0.295258988125514
0.0569419318858623
0.109041728673897
-0.0374621758023493
0.299250696924734
0.462873618425742
0.293508678320773
0.274848603649201
0.138373246700648
-0.231859132146466
0.166195868581203
0.0463504208427172
-0.331670467256111
-0.184768635342163
0.281627037575757
0.10567747276749
0.303141263120115
0.444147746428575
0.0328784609563023
0.0601151664355858
-0.132468255992384
-0.144365965874108
-0.0719863589310978
0.151460956641386
0.0627048615288722
0.178622344379858
0.265583228396833
-0.0220795044894141
0.0565638649693887
-0.0362760119463344
0.0967583316976846
0.128115548218524
0.138571158566887
0.229520224337726
0.203751792486145
0.124966210328293
-0.210011961991595
0.225177286716239
0.0938577880034217
-0.203841361211578
-0.0194445136820144
0.206796502958026
-0.0256862215919682
0.240904061720353
0.42566971863213
-0.0337606406259044
-0.138153562711263
-0.214564307351843
-0.144144608745092
0.0685950604352357
0.321541910824299
-0.100233587887944
0.0496380157262805
0.243485512817182
0.0320378440896754
0.0187265649538618
-0.115625692088953
-0.119806107613108
0.0935321974701632
0.171667218003054
0.17885901479891
0.140187218840797
0.20261987000377
-0.144000371514206
0.290798726032048
0.109702787529931
-0.162758193456415
-0.119125090259552
0.196961120606917
-0.0754272431707703
0.141965713761533
0.294142699577169
-0.0886989680103455
0.138809590207661
0.00198598977147353
0.0254094807996036
0.193010424388243
0.11673498499866
-0.0772929867829385
0.067463217217332
0.230940585405209
-0.0475774054717291
0.0601253980444971
-0.082474922310954
0.0325224060037056
0.086176157459764
0.108228066263205
0.0549713199462954
0.189894631421123
0.305273064751958
0.0356495057155572
0.126166178941582
0.00365613301514444
0.123517630517741
0.152547561387003
0.131336815162118
-0.077456452126791
0.1099138243296
0.223044189507848
0.0418156820412209
0.178897132652482
0.0684356544550791
0.0246679006434216
0.137310768045714
0.146934257765081
-0.00326677708354541
0.190774373422616
0.174061099533118
-0.0382915147128362
0.170557294060804
0.127074298874108
0.180573272400476
0.358700423803376
0.264534778322032
-0.134601934738373
0.0162327368262159
0.228100412287491
0.0314955632848434
0.0128650050386034
-0.100752784414245
-0.114513513536156
0.0790896486568521
0.146042456838143
-0.212381867786286
-0.06734615096698
0.168999193475378
-0.00237199159264258
0.0149284491929531
-0.170202253641586
-0.0343208050910325
0.134015919186885
0.111046755014606
-0.0694953802417207
0.0763048535693701
0.175982737871075
-0.0274447166657158
0.0969708956211928
-0.0150872997930512
0.155860814385148
0.389278503369535
0.325088177068002
-0.0907514657022895
0.0716684746513832
0.205992089779694
-0.0573034138463268
0.0653126332338512
-0.0553299211339596
0.0522232686947592
0.10724483612629
0.117866413229249
-0.207181946170863
-0.0592491219583567
0.183169034497521
-0.084553063046342
-0.126535527790389
-0.166356701445917
-0.115700204147243
0.0585497479063225
-0.0218644581719068
-0.129427724258456
0.0863463327601831
0.222413147341652
-0.120305398515205
-0.0445896751318077
-0.0555295427652533
-0.0368333374859271
0.111847018453862
0.0919069868010237
-0.0570038736160181
0.166112401449337
0.16115536734992
-0.0682911425125781
0.137794147281922
0.0600994814945399
0.0814419430695662
0.222786402505355
0.14537950523939
0.0120877312521434
0.0833956341788419
0.112704363163478
-0.323162210455465
-0.0731293289482294
-0.056922037530519
-0.0312552319760609
0.0837721831647103
0.10890840504832
0.136084337016169
0.0856186319418878
0.0279142354175366
-0.313961686647071
0.0250608895297358
0.0861465823137228
-0.0118447201000356
0.337996457394088
0.422688138124732
-0.100336780916521
0.0802157508990608
0.173247402981964
-0.0357139416717367
0.0817914024396869
-0.0612604619160301
0.0715154240287574
0.268825556336602
0.223592530003701
-0.0239971145324761
0.071032171524213
0.089414895341223
-0.32247774793575
-0.166882574462798
-0.201277418508374
-0.0469209097710888
0.0884360196511318
0.116831800949921
0.0698036889704403
0.110560019811316
-0.0439219759205531
-0.365416531387542
0.0215663558483914
0.042016705702983
-0.0143836969514141
0.356012738807413
0.459207625115336
-0.183977170460945
0.0504809425543212
0.212257347946279
-0.149509672271344
-0.0844182198472634
-0.0899727712677383
-0.0577222968606223
0.0467682204041546
0.028284263803436
-0.169459712940133
-0.0553236103495294
0.152022651818944
-0.24562723323281
-0.110640882941514
-0.114954238575817
0.00911937211901598
0.120834314280193
0.0571967817444453
-0.00532778363278335
0.0069982615492451
0.14385410618372
-0.169196450218531
0.138374215943171
0.102559797062298
0.127933966371711
0.336411776837531
0.27319152303318
0.241371311208915
0.198362929901975
0.263376429737006
-0.106170687556954
0.330162335587396
0.140549540412285
-0.106490983585912
-0.0489688283722185
0.274823660549105
-0.0294161830817708
0.1841256094557
0.313428549300646
-0.107264312104462
0.0942862592241538
-0.000200442094093757
0.0757646233584637
0.273200816635189
0.205855015709638
-0.0796731508595903
0.0742302930636324
0.21901397115422
-0.0454608615153455
0.0315130266172559
-0.0683418142414491
0.0774302325665967
0.153651144545478
0.154839868824854
0.227652448967918
0.128393528114088
0.172982166768951
-0.184264575687492
0.144430134334799
0.0435990802035211
-0.142763165076911
-0.0305780160484057
0.309772809283478
-0.169936517464308
0.0338903247250798
0.410403046364266
-0.159623569317787
0.00272938334422591
-0.116206876468378
-0.0204282261280718
0.182802192247358
0.0579847866846413
-0.128286939312604
-0.098581819007214
0.0857349154866153
-0.102345741095595
-0.0349629239200558
-0.0454876927862497
0.0224942902224437
0.192883304388779
0.0134234544717724
0.0809382493647557
0.0349596575107115
0.220844720714499
-0.158699309318011
0.241779756984505
0.0809718042854068
-0.101591428739351
-0.0496018661051135
0.155778463204834
-0.0852982426527289
0.0336613112027758
0.242913169217824
-0.20904748363001
-0.205299238337404
-0.110253948942548
-0.0382247949715305
-0.0688950696638616
0.0670825781349596
-0.245978220838753
-0.173292776638396
0.0950957294049037
-0.131068344610069
-0.0994753776991925
-0.074892731953418
0.00875262440043628
0.116319464515965
-0.0500596332208348
-0.0316054381198007
0.197167409609256
0.346347179134564
0.0593892587172678
0.124453936410025
0.000233647567585335
0.111005626859044
0.202866235456827
0.25007723498552
-0.131305882495408
0.0616976808370658
0.31820413319039
0.0160454629081422
-0.0861240995079076
-0.101875463814548
-0.0376914589138915
0.157405350800956
0.0871413020741076
-0.0606407150659682
0.203042912168346
0.359449904295232
-0.00263958720435565
0.00802653111240449
0.0246760966163888
0.074138956481949
0.241860351274237
0.202826564665063
-0.0878111971469162
0.00536039072578152
0.182110101815335
-0.0422159272432786
0.0150788108638389
0.00980067919357375
0.0636571595817001
0.237594520630346
0.0844755024817017
-0.173092276175146
-0.100049997958824
0.179947129306023
-0.116044155498661
-0.152511099002466
-0.13415287997506
-0.0703859145764989
0.093990758693101
0.0277693611205182
-0.073267214995803
-2.35070781543164e-005
0.205713054173292
-0.0629590572980313
-0.0798776177000139
-0.0620845374010086
0.0213546380667957
0.0966038251158597
0.19754052392245
-0.185902252645595
-0.0937133682900704
0.153269434936331
-0.0652389904676756
-0.0332772162290772
0.00972061505411629
0.0909484184331054
0.204788026178828
0.0490316565124078
-0.289190715289836
-0.130180694751453
0.104678537006533
-0.0884511334619375
0.0867454845400528
-0.0277490735712349
-0.0715232282329914
0.0898327508957439
-0.210408175307473
-0.1903977510329
0.032710524693382
0.112536825048969
-0.0451261536996766
0.0582356742224029
-0.00324103831069867
-0.0358045522457794
0.0812167245401176
0.00226152703243491
-0.14413970989075
0.136275913915392
0.325138926287962
-0.0574176578715046
-0.0627340769416875
-0.0538320486007682
-0.0133628397796455
0.118786490181332
0.0996633074167498
-0.108394189483166
0.0408876957109381
0.254708888948127
-0.164741923222879
-0.0938135301230589
-0.0830420183821335
0.0877010068692038
0.199354069634536
0.15813994895928
0.064978842057811
0.123410063430378
0.26284348301257
-0.0679057005165865
0.188714204344758
0.144078487183848
0.223115248629847
0.461370803299435
0.416566528344456
-0.172222567083279
-0.061611686712516
0.144818581714284
-0.139940434846583
-0.16878364779483
-0.147360635873068
-0.06748077163906
-0.0124573770562514
0.0952880822293587
-0.0367002614621762
-0.0810130997534653
0.150974891678683
-0.238491745531022
-0.105188532443798
-0.10698500735903
0.0615651709986733
0.11054176614722
0.084360851135307
0.0629332932498247
0.175947112944585
0.262034130941779
-0.148127136865991
0.116029475930268
0.0987755333058116
0.165995707720319
0.412541592262522
0.181210256555671
-0.281643457863304
-0.0216765288367203
0.0529642284748687
-0.133629336651699
-0.0345266367777376
-0.0864511873670395
-0.125583251446491
-0.0341189239078932
-0.111216922259219
-0.207956101020129
-0.0799340154691428
0.0621988246288895
-0.119707930059844
-0.0706670414061535
-0.230029929405076
-0.0711531118491119
0.113179807451159
0.0327879202749138
-0.127579243861459
0.0409776354588667
0.185544223601759
-0.0617225511951055
0.119218722368631
-0.0560820510344842
-0.106586719867791
0.236843089825456
0.025721799207365
0.148370798815693
0.124163398970218
0.322868194047764
-0.0967957369269117
0.265665977973882
0.105944392082321
-0.062910522669888
0.0235452847214369
0.237755122915883
0.0171648441616472
0.138573992093637
0.304641507090533
-0.165173444828894
-0.183396929535918
-0.0783115583694005
0.0258097043573999
0.0244009578704894
0.209317889548518
-0.14873015278733
-0.0743143127060134
0.151908937546355
-0.0832736396814298
-0.0574938868378818
-0.0177225114188414
0.101246760500271
0.257911920955039
0.0863573164278187
0.206023888676933
0.0775405984919133
0.266032082361983
-0.136884599830769
0.155452822505113
0.039162586195869
-0.0673129024371107
0.00463330440782758
-0.0206770740033804
-0.00774983481952883
0.103569769900528
0.253147494158056
-0.227274811051209
-0.248309603331659
-0.112450462975096
0.0315987174494007
0.144681292781667
0.252936494763726
-0.0702309836902639
-0.0307089127363763
0.185140899604127
-0.109169811402132
-0.0119911539186567
-0.0346381010324617
0.0640108715034148
0.174929371768312
0.0309591143649534
0.0947026676973799
0.102779037860852
0.0710937173897893
-0.23595428954848
-0.0187546395542163
-0.0333156419566457
-0.0156743617512626
0.0186551210003807
0.0462659137263939
-0.0829033000178755
0.0286097309575135
0.0769236192791938
-0.1700798953153
-0.165936195793279
-0.129149938061663
-0.013812961230418
0.147009719057233
0.158666756976825
-0.092434872948417
-0.115978886631075
-0.0136527536044389
-0.178788600152368
-0.00561882385702074
0.0171545329344576
0.050312029474269
0.0756869223594519
-0.0186974219849586
-0.14903555352095
-0.0154495452140169
0.250339929036292
0.00562464642425863
-0.0107332694040328
0.0228528990459762
0.115641529192621
0.253554736666892
0.102931374143822
-0.225679104754617
-0.0370591020367315
0.196736074530525
-0.00550666846998806
0.121412101016171
0.0104944171935099
-0.00178758398753557
0.198004234709381
-0.111205908325799
-0.133931847957415
0.123281253543535
0.194005872749091
0.00643729399811508
0.0987322987189305
0.05974600534197
0.0570662628024708
0.176056527862795
0.105562443958488
-0.0620656637966802
0.0217808642489112
0.252017607155934
-0.0206726081485698
0.0873549682145758
0.0613878812452016
0.124188156482313
0.189593298740337
0.0623022276828603
-0.172671266744284
-0.0643166037960884
0.0555253321868972
-0.137321079891004
0.0143638996862859
0.0333766133682386
0.0163250811130241
0.120891259999485
-0.0942889535039661
-0.199574096444573
-0.0283702766741449
0.140281440236308
-0.134872782632941
-0.0612326490932859
-0.0918106405548856
-0.00842023836189585
0.103752109548282
0.0155757867867218
-0.0725549349949007
-0.0447110783822256
0.0534985296872632
-0.103850240757233
0.0748077584799661
0.0894027079030428
0.0541679428188547
0.0451939629698948
0.0156037221948041
-0.144246662488191
-0.0775203433569769
0.0782512133786351
-0.130276907178719
0.054131269538186
-0.0144130288546119
0.0377961031144731
0.0893100061752102
-0.0988258842597295
-0.0600509590755819
-0.120051862181264
0.10855315362185
-0.0629524005965867
0.0615788493031622
-0.106387847645482
-0.141174867383425
0.000816550714875941
-0.0907881226473337
-0.185538560171497
0.134334826406662
0.214236410896298
0.0120542328530762
0.0647031437274458
0.0102093695663814
-0.0195084047619447
0.0746921499249904
-0.00142869598695834
-0.112936370243103
0.0509718356593939
0.1981245656508
0.00179757260482137
0.0284671360163782
-0.124431603541286
0.0419884783544381
0.249507307250554
0.194947601964397
-0.00319865392605713
0.185179763615931
0.311102796627216
0.0647402490520782
0.218289232301341
0.0582167391118445
0.050428345743473
0.410870327093584
0.191654509844693
-0.18855241153941
0.0157788054929999
0.176004597248299
-0.129697469020136
-0.0939693322598074
-0.136051588531257
-0.0621345319345775
0.0490303993756263
-0.0497966927100814
-0.0219821350591169
0.0400825763812369
0.157607427732884
-0.0240040622769093
-0.117916486517036
-0.197670392814041
-0.112332296370988
0.0614128258603946
-0.0994814139593594
0.00121442188637571
0.102848622638751
0.296642234597052
0.072426488801563
0.191445404915152
0.0558751065120273
-0.0995504281810004
0.15154260038319
0.159285608290648
-0.0665181133663573
-0.118311080906064
0.0998024293928864
-0.0695815442829104
0.0366059193117695
-0.114778711147362
-0.151636828845263
-0.0177002348970876
-0.102929375181075
-0.0656518824368302
-0.126600461895611
0.10899814553543
-0.107129967049125
-0.0916866641117905
-0.226045383233966
-0.187612698745865
-0.00693178502039895
-0.180247042677367
0.04169898476852
0.0357638831375124
0.178036291748802
-0.0291530105934739
0.0395933229863353
-0.0363541791853113
-0.0649741405992654
0.199927447970744
0.220724009324205
0.148362721489622
0.190933283903034
0.168753873753999
-0.124048099421521
0.0569856771883739
0.008180548378959
0.0333809111741855
0.0872209517890059
0.133347416637258
-0.018700732055076
0.108104645159783
0.161476674901962
-0.0744444673480258
-0.0968740450880267
-0.0645388526774242
0.0684837913881913
0.252311679161325
0.268793279960044
-0.0127846046033794
-0.0237121797237082
0.0934081501910745
-0.0950353887022958
0.0445800298929354
0.0752112913809992
0.146204751384536
0.19685571892161
0.0965272477905494
0.0743082729551527
0.0813845533034427
0.150619516972176
-0.192129384978141
-0.0276922535653356
0.0351812802096758
0.0149905480934788
0.00988226509948489
0.212019397542571
0.0566429977665943
0.18519596454059
0.0400014343476197
-0.276599506081332
-0.295350368693915
-0.248540345552171
-0.138403192884432
0.203299695666183
0.305620344621749
-0.0560811585624878
-0.144268736997518
-0.0472537168718319
-0.225786462588627
-0.188390690900763
-0.0438466051007887
0.0363786468258516
0.0937327907120638
0.035546164262907
-0.0498974119970413
-0.00055549582346848
0.142217930418423
-0.215773555599814
-0.0243464918268202
0.056361417942308
-0.158486018678379
-0.0155007529039165
0.0836573933155178
-0.0686195384070053
0.105562662409781
0.207706138104347
-0.230965698136538
-0.194858898304439
-0.0758282171710668
-0.118665115074231
-0.00962444364639431
0.0981385198847815
-0.0435620555296637
-0.112846301904834
0.00944183843051599
-0.182988289557335
-0.0435196348057478
-0.00383333490242377
0.0231572874788722
0.0734264053046226
-0.0573914553759029
0.00332018667722594
0.0329713139861117
0.15661603504224
-0.0386662955715151
0.0891425549857402
0.110884949231775
0.141993496253293
0.175395309292165
0.0939475997940333
-0.0643747788221981
0.00145831866362366
0.144331823673715
-0.091158117817171
0.0485117203153508
-0.00873072595310633
0.0947769172030817
0.19703570194242
-0.00922398052742858
0.0044405076165473
-0.0564099099801388
0.146025067086725
-0.020383274255947
0.0759479503181909
-0.0799069643393582
-0.0780024300222256
0.0948264002179633
-0.00563823445170589
-0.0330633559003566
-0.107452971050701
0.0175333840938218
-0.186509816420039
-0.133062969271328
-0.00547671985543825
0.0290375718446868
0.0758079229423656
0.0553838972359094
-0.119575003200161
-0.0890246431483175
0.133812838307135
-0.180098135824315
0.0488693700326424
-0.040834213025794
-0.0853296368136437
0.0297603057403039
0.0397984433858348
-0.0981571781890936
-0.100498926699388
0.0811290073773054
-0.110548408522041
-0.0204617650291407
-0.0173540919097796
-0.0944873549217972
0.109641522417354
0.0367921034695075
-0.0367916915869931
-0.0950633485809646
0.00285663842100827
-0.191312584695162
-0.0220176008772414
0.0280825086899965
0.0587108832410555
0.10717479304068
-0.044861441804252
0.0648871873888577
-0.0559054838981623
0.0559937629610572
-0.12315794475282
-0.0183721458571433
0.00249150708982563
-0.0645575704663473
-0.0422067629864722
-0.0208918728360174
0.0322336794943194
-0.0413333835572829
0.110903754013578
-0.0549832792043447
-0.0294298506967487
-0.0349396809999727
-0.142150854519023
0.0473329556701001
-0.00882073095998715
0.0391576418544922
-0.00476504154378014
0.175148055056045
-0.00316714078936473
0.0806546718549092
-0.0740655043317884
-0.0839391306033762
0.062345209927134
-0.0160492224061063
0.0605265564142222
-0.0210613297950787
0.220402690743916
-0.032851382824556
-0.0484952539441272
-0.183088696209488
-0.088406496436773
0.102917252280061
-0.0689206045579509
0.165339165505651
0.172885732828806
0.333709125710902
0.0820357473160208
0.129410385040981
0.0355786204516779
0.0555361971279084
0.338421099061527
0.323707310170385
-0.0803645957219902
-0.0852357429071672
0.0891821832295611
-0.10631583592485
-0.0340875311918804
0.00300347477102308
-0.0771195262255019
0.103804886083792
0.030036294176616
-0.0903676329567688
-0.0592565571014191
0.197839157670335
-0.0988882139885831
-0.183481900402403
-0.177524121835262
-0.196064454532876
-0.0101536543352937
-0.078459145950076
-0.0135880621772504
0.0243646286220747
0.151668724275782
-0.0381082153587579
0.0435715512496331
-0.0826208352705619
0.0415995748994417
0.292755688809339
0.278929401893101
0.027853686169929
-0.0653663759477778
0.0992583493193091
-0.0622329087482877
-0.0247833148136133
0.000235310578322849
-0.09014193338957
0.0516606912595164
-0.0216291478744431
0.0220087556954684
-0.14816049466254
-0.0196276668647745
-0.189922237025009
-0.096133997246682
-0.0285507474028605
-0.121042248379323
-0.0335062904085685
0.0228632668847333
-0.00920580511433673
0.0188631673000913
0.0962723994182552
-0.0228524142001652
0.00773816102650624
-0.063945192798515
-0.0663620334361
-0.00274755448081358
0.0273127005767349
-0.0110585075379025
0.0350100299823432
0.208530464302118
-0.15341067530238
0.0505752776654294
0.111360522015852
-0.0978833304680181
0.0581018848915998
0.141954447446076
-0.0182490502756019
0.177973340465753
0.300665128646847
-0.14231521296365
-0.105129729741861
-0.0215370989452748
-0.056453822867242
0.0632993405648854
0.173416446305478
0.0236328845718285
-0.0518625955582319
0.0677892932053987
-0.15163552225608
-0.00802361882481705
0.03962608741788
0.112242787450686
0.166428995705237
0.0235962313823481
0.112421437457476
0.110970021161223
0.109747095547111
-0.147344127079958
0.0554026751208918
-0.0120969383246124
-0.17722029624083
-0.125905607771253
0.128918088668562
0.0214126666660913
0.17802429588324
0.152021444103371
-0.156428755187233
-0.109318676164644
-0.0793317454737919
-0.0564718455910763
0.0341320196978766
0.186859808965539
-0.0127199998611349
0.0829489654067503
0.0384970384290414
-0.162146959346309
-0.102038170070316
-0.0696041415579442
-0.0794142829848827
0.0269942288201376
0.188721379718191
0.02069829220283
0.020496802151713
0.0425469736461933
-0.160328191493915
0.0445526235798018
0.104939221280114
-0.15614010251353
-0.0245745735429915
0.00853367698135643
0.0218438116024936
0.0551653451763216
0.111033294465491
-0.21159324722761
-0.116028929777227
-0.114345882393912
0.0456380671689791
0.0398347086960061
0.00208321778579099
0.0631918295699811
0.112264455173435
0.0297462242163819
-0.15916908720015
-0.0989268914541695
-0.126544318357842
-0.0790164945400161
-0.0285232814082273
0.101291648921788
0.0303085417182085
-0.0194117480803543
0.0825088643885766
-0.125537084680491
0.0185623429262391
0.0442334284405946
0.0967264915407697
0.14542581623379
0.00760265421143956
0.113117506708308
-0.00540127729444149
0.0775193664788498
-0.112526263909411
-0.00341062966796915
0.0450016306929164
0.00523526192115719
0.042547418121507
0.0651800553578207
0.0795883300706535
-0.00111150272063395
0.152670132061838
-0.0176881347248104
-0.0141790890876311
-0.0311524091920177
-0.0995099085442429
0.107967805918802
0.034229556327024
-0.0417343390397114
0.0714210166879148
0.0523958609518321
-0.13382016133354
-0.1007233556378
-0.068824194728602
-0.0601186219560785
0.0592381737552501
0.190521465883801
0.0780290047863089
0.028764966758731
0.0436297825072248
-0.162721813838151
-0.0516793823365304
-0.0364788534814761
-0.112652806185473
-0.0448391964397719
0.16642144086732
0.0105013519217661
0.0391694055998432
0.078341139011217
-0.135208940481489
-0.0335295707904602
-0.0102858112235943
-0.0441860652023263
0.0790569553753284
0.162696331759484
0.0290649202098758
0.120643159785432
0.0609528862326984
-0.107112024781038
-0.0570122941471622
-0.0731680147847127
-0.0206643694442149
0.00824415249690465
0.0412390531539361
0.00692119819736775
-0.00902405155687024
0.0971584756504106
-0.118052089042043
-0.0322964922561249
-0.0933845336413145
-0.163576225596193
-0.0347366620286326
0.0623285587095024
-0.0901296950599202
-0.141164330045947
-0.0312439761944496
-0.1471204671158
-0.0669407639139014
-0.0950479053807993
-0.149707848694303
-0.0307429395930391
0.0274465347254312
0.0983320307094361
-0.00395531926642374
0.133691803824782
-0.0532626022022335
-0.0405811208987357
-0.0457983629748598
-0.112446013157601
0.0639672820770687
0.0286891301108019
0.0735198647431063
-0.102800908050739
0.0219728096211249
-0.147955718662496
-0.0879839480158803
-0.0477109656166071
-0.138328990774524
-0.0466895155636567
0.0355135666437108
0.0648865363065001
0.0506317473486704
0.111703282338082
-0.0205178494136792
0.00073702191614531
-0.0813518297770923
-0.0500815935655268
0.0208208940782099
0.0638616167472957
-0.0044675461769015
0.0280797137586645
0.0800551382781436
-0.139866055086093
-0.0619646606424326
-0.0419806887050278
-0.0522788230349424
0.0508514826468982
0.133738815347505
-0.0376649163065188
0.00420573631058616
0.0687399912482548
-0.121248301114644
-0.136129793122231
-0.0721854744673212
-0.127683800310329
0.0976123137717042
0.104596477928943
0.0735785068619303
0.0718584195834149
0.114163289877484
0.0220350470789651
-0.0168013064425049
-0.0824529000813137
-0.115061597746044
-0.000563095022355755
0.222223942751856
-0.0898372121793592
-0.145283718169119
-0.0190110243089811
-0.149519903102157
-0.0570806860567166
-0.079272443693948
-0.141305527470679
-0.0212815856107954
0.00570666178925126
0.0247863643024939
-0.0525198782228698
0.166725479723849
0.100749479263294
-0.0446266791964293
-0.162123382856575
-0.164670077089834
-0.0400827756809392
0.059571610319777
0.164808731606
0.0635625299671674
0.246533345703369
0.182247602103134
0.0292972809623895
-0.0528333593425064
-0.00999548901628083
0.121404861014005
0.247939698468438
0.0466834982328957
0.067558047096987
0.0702449617709615
-0.0913242203149944
0.0939212130686569
0.171672095837679
-0.110845388920793
0.00117797306867708
0.0493127585646339
0.0304945811695561
0.0867232351161743
0.130706279428845
-0.14940459223825
-0.0398423493459564
-0.0234837475860103
0.123857852656318
0.119650277358014
0.0582156774837603
0.0607279482015076
0.13610126501811
0.0589478312562945
-0.118257055275739
-0.0337494708155115
-0.0275735625169715
0.0441659229600032
0.0861713366781076
0.164754170560438
-0.0566161951628769
0.0550333673717248
-0.0280506277642937
-0.204802629985892
-0.00480818336876278
0.0743726142580069
-0.032105506848851
0.107526338429127
0.0131498238878942
-0.00268804793188735
-0.0101854513821558
-0.00572039537422307
-0.210717701580662
-0.077914621244733
-0.0735739375750497
0.0769144105205361
0.125081932451574
-0.0357230902850559
0.0756364395434199
0.0119997227155965
0.0935132400232524
-0.0866058618929636
-0.0610765319305793
0.0381989155816102
0.0652641787007761
0.0655963483008692
0.0475233454473993
-0.128374528535372
-0.0983315098633809
-0.00975934730004151
0.0564796312229926
0.328716968447491
0.193239895161655
-0.0115166450621544
-0.0637365524590962
0.00326060320061691
0.0832610929336318
0.116650484972137
0.185689057993552
-0.0475222856250762
0.173152701175177
0.0904632271308155
0.0317463004606443
-0.0368957564273959
-0.00547419767981639
0.0936869161196438
0.129709699623766
0.12185746842164
0.0121215106928229
0.200161939778346
0.251949600120245
0.00903025875619531
-0.0218470437157869
0.109430716598126
0.0235662118493398
0.136704682922416
0.0560591685534341
-0.103116005491496
-0.0384191398910975
-0.0356625768456782
0.0256537683712358
0.0730622951362519
0.112189070517184
0.0370297485808516
0.0313153820603118
0.129959645637791
-0.0764710790284679
0.0179133361347084
-0.0318942962973662
-0.0965376049298743
0.00900976161185053
0.103558022384443
-0.0456589964513145
-0.0950655110642093
0.0359159284442364
-0.075295676733069
0.0207680902309889
0.00259618548695777
-0.0384370781452633
0.0350653890601979
0.0732008097185294
0.0622696260794811
0.0138327095210748
0.0862031866170813
-0.0863714081892687
-0.0449539591580703
0.0664346557362995
0.0856447548082437
0.0748899681435928
0.038429421336842
0.207007038836506
0.0558382937421723
0.0987893866454418
-0.107559563524234
-0.0894997364639819
-0.0254466555983646
-0.0380441390862471
-0.000940731050549127
-0.00682918412088013
0.09271455728366
-0.0412756223758557
0.173144146196227
-0.0302002652641721
0.0420939407773737
-0.00522014589289117
0.0120385554855339
0.0061699703755376
0.0504089976677535
0.109891337672945
0.182621796947162
0.147798484390519
0.0400276106273348
0.219752611196708
0.25177457756187
0.00382856920485887
-0.0284626680294717
0.135059751183786
0.117073553893082
0.14769348386808
0.0612548157530692
0.0121310814163254
0.187930914540587
0.100265497463011
-0.141738136684047
-0.284973726392118
-0.231202176740382
0.0858785733255853
-0.0322709970254658
-0.0145090561491859
-0.0769436329329923
0.281476565871535
0.0905559064993731
-0.0846654135350326
-0.0391135581858563
0.118569924853899
-0.0704132061319751
-0.11245641300487
0.0268668531553657
-0.106641464189374
-0.0632675422114228
-0.0834406485520573
-0.111933036611117
-0.00826016033281835
0.0488719640294217
0.00990259492646329
-0.0193608140492306
0.199678636241654
0.122447649153266
-0.0281230918943951
-0.128563996463974
-0.113716545984411
-0.00767192895278032
0.0941289706158224
0.135101497189256
0.0698203435983138
0.248883127431493
0.212621239978957
0.0611236409292084
-0.00964956880692721
0.0526871997185452
0.182991102039098
0.292237658949036
0.0784916557767193
-0.088888982672517
0.12716799678954
-0.0810317290229142
-0.0196525788506723
-0.078180160832103
-0.0237734824266281
-0.000583805691432647
0.0474758200000545
0.0355319435826504
-0.130898020511923
0.168021837537787
-0.0902607112055068
-0.0798062168995178
-0.175349686511195
-0.135480801323321
-0.0905652310360339
0.00183808618222062
0.0876983549658815
0.0403027461698391
0.0593009162807031
-0.00280469880995183
0.0921004094129539
0.0137997294728671
-0.12421225467083
-0.054563350746206
0.0868454567000656
0.0314514134656083
-0.0871461369501963
-0.0830723890167533
-0.139593775035874
0.205688217280064
0.0124257603437192
-0.15257531144827
-0.094896607988095
0.0619675988598919
0.0327032950011713
-0.226489841622238
-0.203298580987357
-0.239122198631667
-0.0481593921753724
-0.0624506457933206
-0.110713557735087
0.0262678370268002
0.0345359442267636
0.2392772628106
0.126788943289937
0.0937403287849546
-0.0482004428207932
0.207795425771454
0.24723429337059
0.176817685719079
0.147857391609096
-0.0183488328920589
6.4632055000
