1701
0.347832343934992
-0.143964300898492
-0.321161163700653
-0.0807059179744602
0.265582582697279
0.147333924143285
-0.130939519498001
-0.215383566178416
0.159694922437467
0.561811195745869
0.0543117985133258
-0.142291031174827
0.164291835085884
0.322723714399091
0.137807671399274
-0.0836218302323169
-0.154947974334885
0.205558402723075
0.306328516078975
-0.108506526161527
-0.102861843175298
0.105029565259851
0.148008564881804
0.0825955930550951
-0.0178043527656763
-0.178659341255042
-0.0249268372721114
0.183621586033416
0.0163934070860551
-0.0943620104119529
0.0134249633220276
0.119681346463957
0.0846267204217602
-0.0888760943746183
-0.0153326744065583
0.283324050175145
0.239115843502684
0.0623956940322284
0.0102631427254871
0.0469129250154705
0.0951063831784861
0.22102581278755
-0.062418921228084
-0.084889317654466
0.345592288104393
0.0860124183055736
-0.0547276594619043
-0.0261538247814897
0.0895215919308605
0.0428168970820045
0.157790612422004
-0.103370251302439
-0.236607978705223
0.050667236558384
0.0322135482883103
0.0768488674074715
0.057536482918713
0.0767348364596565
0.172056777727828
0.149115170891774
0.0872043685941942
0.125796895528578
0.247442684379158
0.0775434936104269
0.0167972924265892
0.0736987115955661
0.0419595265146157
0.0482839875985139
0.143572112174177
0.0502257898808681
0.133797794624992
0.157980197701311
0.0476460231437739
0.0542288701234947
-0.0430136409750234
-0.0664835700519343
-0.127693818990425
-0.054550117670608
-0.168039828858097
-0.0534426920669105
0.178332064241037
0.0471588210169938
0.00728676849549504
0.0388316239828442
0.0390663673727309
0.193863433587665
0.167462465911939
0.0561002890080412
0.0927661544480985
0.173039781125112
0.065761289136509
-0.0890192930589562
0.0476163317459756
0.0041974013096509
0.0925955366343083
0.170185979183404
-0.0106583087523044
0.0665977431814602
0.0402774918951879
0.112078854229342
0.0869414559182991
0.0855556729805568
0.0175765855744261
-0.00971325006559597
0.0229488220267711
-0.178150293441862
-0.0690618861864114
0.168880464340486
0.0602805515834338
0.0264056874639688
0.000702201200175221
-0.00611670340343708
0.198046408515095
0.180061950628789
0.132429271658995
0.165248545167951
0.218101523233289
-0.0558908280016994
-0.0833192600379599
0.0137393910623698
0.00923017925794159
0.143191348116185
0.19242748233482
0.153596107813723
0.213126115370359
0.202206876180598
-0.217598910584027
-0.0463471146639755
0.380378809675403
0.321366450232641
0.135769027281304
-0.0303080503389185
-0.0556016142824003
0.17556112638176
0.180112990685316
-0.0790672531411423
-0.136333615497504
-0.122570389802476
-0.259697931721444
0.0948938847811342
0.14986666509052
0.0126058097683245
0.0605299702304173
0.0930920251956144
-0.132644550843726
0.00781969012316965
0.0148076397979924
-0.110435786798435
0.0841724902295475
0.0860177203299926
-0.00448519647645094
0.0535600091420863
-0.00401257202509686
-0.108184816738202
0.319695156845769
0.496223277951068
0.116144745659918
-0.0715367036545812
-0.191375875341419
-0.190770728158997
-0.104501011819274
-0.275202005577347
-0.0208827212604157
-0.0811822035178877
-0.0563359846449678
-0.229324852225942
0.113492908360477
0.157874973133011
0.0276907996940361
0.112903231466237
0.15424751557142
-0.057557822503456
0.0740077282937875
0.107169372032108
-0.0696330725657895
0.0984794939101662
0.104745188775794
0.0378697593394701
0.109948037490639
0.067824087769763
0.0102443467021526
0.463771489493974
0.66220063180693
0.203002376139473
-0.0276750987702375
-0.149869061758278
-0.120295865436052
0.00951195370226481
-0.113965829321969
-0.119771607455359
-0.0622489969364455
-0.112440144418711
-0.183453252625691
0.231033651504605
0.208375937911071
-0.129166178400412
0.0295357535294251
0.071035716303325
0.0823254190432114
0.183504875333802
0.0227592989240696
-0.17595445032917
0.163828968154654
0.081894571652241
-0.0558142334513188
0.10817090145569
0.0411101148058337
0.106185429639968
0.232806106194709
-0.0353490511877784
-0.335912148230551
-0.277996183177607
-0.232737532025288
-0.153296644576505
0.100144742944381
0.0225585488264134
-0.0781591999289478
-0.0424400845173208
-0.13923820474367
-0.144190540916378
0.187581393287723
0.00593540794507061
-0.1831731290985
0.023495844038882
0.057226261869243
-0.0341870927120108
-0.00294575026445054
-0.0406731336550269
-0.0985704236928886
0.218203270498667
0.0443074179125569
-0.213534775417806
0.0309144535556134
-0.0182917043482527
-0.0571914027216853
0.131905584775242
-0.00190270960755709
-0.146113911035851
-0.152034138318814
-0.142802150146791
-0.103443915543258
0.122855324289391
-0.102280020821166
-0.0376041708398831
-0.0113714408199023
-0.129272953482388
-0.113698131667413
0.266770758126516
0.0818108497912613
-0.124362065721935
0.0759338702347492
0.123555504506858
0.0693969958667565
0.0963378095980596
0.0401508279294461
-0.0394848880442779
0.284230550530416
0.126244374627749
-0.13516002306122
0.113743791739344
0.100883244517026
0.0778809061573937
0.284036125377286
0.114756676990828
-0.0640816693881103
-0.084946790604053
-0.0771319554433406
-0.0431836493116642
0.203475438391215
0.0497809228978486
-0.168778447202662
-0.127340418443172
-0.190663601761436
-0.189581080268712
0.127877210872562
0.0853964936895488
-0.152035441948017
-0.00296807361655922
-0.0111684257109841
0.00184454609825748
0.0318788136838245
0.0152916425580964
-0.0442317953581021
0.0113254585209968
-0.0506997571543966
-0.166853412859536
0.0841931661231322
0.129526619757417
0.146319135956944
0.316287450138417
0.142308521699251
-0.0446748896547256
-0.149084093570501
-0.0729538816905808
-0.0729475886363005
0.109101317924661
0.0813503425831756
-0.0560698915085436
-0.114716247518365
-0.0772498208320449
-0.100008105941118
0.108250137436168
0.0833680343159598
-0.054401053077315
0.0160662574381602
-0.0286656669733
-0.0631845033256062
0.0447222994204861
-0.0313626450028004
0.0282189271619151
0.0265811394352137
-0.00580727334751651
-0.0594280415548959
0.04125878090639
-0.0795119786020024
0.00454357416224444
0.0791552706037411
-0.0436805628205568
-0.155895816965852
-0.112154923508921
0.0224657731989113
-0.0514885933747691
0.0884460518524672
0.121454604309839
-0.059791501832081
-0.108300401402736
-0.0698971788110297
-0.0720489892952901
0.143289687786138
0.114087350247007
-0.0509592572327787
0.00716860827701721
-0.0292828139185828
-0.0571712636929016
0.0610474047719606
-0.0189957672872021
0.0582054688995033
0.0682670493678561
0.0378301081613672
-0.0341178183226466
0.0490447832390946
-0.0351585011905047
0.0784119300264391
0.155111936190487
0.00344781306595828
-0.123698709080278
-0.0901915194526509
0.0438439532151748
-0.0350536249066439
0.123872584781578
0.218987563627626
-0.0364398265430114
-0.0821317606172615
-0.104706505317523
-0.0439986323981609
0.154494758051751
0.0178937383795979
-0.10775526715309
-0.0846480145812717
-0.00923916450103652
-0.14279490413831
-0.050650236555377
-0.0279998258551202
0.107260373646258
0.138153629195397
0.12351682921096
-0.0690052902802808
-0.0849379513670189
-0.147712066155835
-0.0963817343025897
0.0771873649755339
-0.045918428963269
-0.148795553719727
-0.0193941972404975
0.0453951315742107
-0.0693217376074942
0.0273893499278402
0.288716966110732
-0.083018124502577
-0.124614353874973
-0.183598904873393
-0.220697733068606
0.00819791857649479
0.0536824550473453
-0.111494997715342
-0.0400574817175059
0.0139347160196527
-0.153176669433808
-0.0446517588633616
-0.0153158533646685
-0.00444537020547072
0.124462138862202
0.09846701803812
-0.0226790794480994
-0.0823904523069964
-0.184728528448945
-0.0684488433609152
0.199265627737214
-0.00160379012392236
-0.159287743618916
-0.0200436811464044
0.0217173202577778
-0.125355108151269
-0.0421386553581736
0.0556716812453548
-0.0638434904765378
-0.107615985453166
-0.165446291727009
-0.199930695425664
0.0198658351208415
0.0602153009249181
-0.0965609849019159
-0.0430323769722334
-0.00434582299401776
-0.154939946354896
-0.0344328005650252
0.00978139519891619
0.0406715310756614
0.172826332666651
0.14185434174841
0.000954232574392817
-0.0805756228274829
-0.190844467041125
-0.0517728372731766
0.196944510480349
0.00842682680114919
-0.124147973963264
0.0378351761145956
0.0802208902017345
-0.106006866307889
-0.0633283348473424
0.052636991152518
-0.0849344105742918
-0.116866787437928
-0.152256827184131
-0.172139959774333
0.0503937941872739
0.0200640918118727
-0.110358151849979
0.00020777676961835
-0.0394853352399291
-0.23489534079107
-0.133296860213095
-0.0337194579125905
0.0773807270123968
0.207887528154033
0.151226525174551
-0.0224858346020238
-0.108487851677805
-0.308809181396718
-0.001084257016099
0.197535301309977
0.0600284152731585
-0.0327028091886971
0.0864275657807616
0.0536629921930717
-0.114715434812653
-0.00892333834883129
0.017760768013606
-0.131659806545102
-0.123901390956494
-0.0447279127099425
-0.0772942612473425
-0.0135314942673504
-0.00975015595451242
-0.0620806826246046
0.00169658684935042
-0.144768314733214
-0.246669783047058
-0.124570729845762
0.0373566227254898
0.080651548551059
0.0154491925816149
0.0603500528756658
0.0491212596495575
-0.0116963415216013
-0.288638896382389
-0.0710561849232976
0.124343640561657
0.0769194896007952
0.00704059261001729
0.0880097587889172
0.062957283255368
0.00954450420773004
0.118867937001856
0.0983685564687142
-0.0594973190445421
-0.0706044783316847
-0.0114949303143031
-0.0575609773654384
-0.026534108316799
-0.0197502387161617
-0.0567956516149236
0.0251523832599023
-0.0821297365772673
-0.185780866086704
-0.0599248632484109
0.0782524410213011
0.108005417187278
0.0159978729685357
0.0553883818266691
0.0549693833040183
0.00836562201736095
-0.210554004727927
0.0199367796905615
0.217331006913498
0.139480813902515
0.0505775661167744
0.0987851392177756
0.0481847500189708
-0.0220006129400591
0.106558261121275
0.188239193091433
-0.024871619968532
-0.0868034044792611
0.0823944411314097
0.030784562094495
0.0153044437859614
-0.000244850444108627
0.0187764800638195
0.0952374459088329
-0.155404974762069
-0.151863637884481
-0.15530907169901
0.0152072203550486
0.0243953439182823
-0.0417825057767345
-0.000678952786605549
0.112501192984198
0.111984034133081
-0.178833455246992
-0.110004599355833
-0.0210303157148833
0.166542852914828
0.129921996599623
0.15209598365601
0.270662076779832
0.279663438125647
0.322477049402924
0.000721119914424875
0.464536979312034
-0.135081796672508
0.023878144742454
-0.0376558800509686
0.0373545109317374
-0.00953879569603964
-0.0220947961930374
-0.00408873606591179
-0.159714208141546
0.26824515425225
-0.334514180264374
-0.0466003801754692
0.0756707016181928
-0.0669715478276181
0.0454893239150487
0.0511894221442666
0.0399124740904883
-0.301426713938973
0.0374765162881674
-0.40032869782749
-0.126109142664458
-0.0101105329284048
-0.0171345347327352
0.134938923514993
0.121025637401476
0.0557138967589278
-0.388098988386623
0.287845029861012
-0.150628176002067
-0.125381905114158
0.0889627117482359
0.192671777832392
0.116263098453057
-0.0234581362966673
-0.180315848756082
-0.0857128342034966
0.447273099574295
-0.0925046257654136
-0.153189811311731
-0.00948308944376739
0.177394538935035
0.143663475275997
-0.0836022395593
-0.123629996038836
0.157894366265758
0.52366362072219
-0.0350323747707969
-0.153813301895171
-0.0279859657147053
0.161141024895067
0.148179777493977
-0.118666829291238
-0.161460408184296
0.123680417954051
0.116871050631793
-0.0445866404380291
0.0158193837685363
0.105771544782243
0.0834777570483135
0.182136571222008
-0.0961344028552841
-0.236063902854154
0.00507450105747833
0.0716998118792909
0.0200471529182042
0.200652684441014
0.522329253057673
0.518442071681756
0.397890113779888
-0.00694393322606657
-0.349096537075325
-0.111370588080919
0.0293643623932851
-0.28565256735712
-0.287886734513741
0.0608149295467361
0.314109407061791
0.461945405075547
0.408452251355549
0.0511515733638006
0.0142746409197868
0.147379720156887
0.165610028750962
0.124623547790668
0.0428497677793788
-0.00429629445627548
0.0196947656384003
-0.150542594634533
-0.0340822767324516
0.207744412788826
0.106008608454906
0.552601303098096
0.66617792887851
0.536693062155413
0.20266374591561
0.0760016019701539
0.160861745315445
0.186333178004929
0.27416583050777
-0.0436959356177746
0.0494014046815866
0.0237308936751208
0.0699145029316808
0.00158444105172658
0.174954158689607
0.416784548743733
0.467929737820234
0.448043098907016
0.0952226335446133
0.0663913697140726
0.0702396230978622
0.0129295617718741
0.0747969637496188
0.0903799762575016
-0.129224279400944
-0.0302076225441054
0.145857033787738
0.0867334331515845
0.473809169972964
0.631973262305054
0.511950930021659
0.252091548006988
0.113242079801255
0.147033982828036
0.169959015293294
0.206192253659861
-0.0323715888339597
0.0534660837212691
0.0814562114731666
0.116086023039798
0.0822278270469662
0.205769187525294
0.380099763934542
0.414533716789942
0.376982085740627
-0.210148519878433
-0.00925998302886906
0.411592581854899
0.336228509029311
0.177193712403851
-0.00228948312626591
-0.0416956834930578
0.180556379026364
0.147224861052496
-0.22372156824698
0.0746769152238367
0.610484097224225
0.660371713287239
0.397275030220297
0.126486814411929
0.246745315702479
0.442799554013632
0.274145241840283
-0.0967778876350917
0.261842114314478
0.451380219154898
0.138621179101875
0.0824680343874565
0.324598997213416
0.591105898874497
0.377170517808285
-0.0311884900275814
-0.104909099204565
0.340264542392984
0.547001883368483
0.148440112336487
-0.0419082686511653
-0.174964710294138
-0.190079034656369
-0.109816752491638
-0.300356758834279
-0.382175761958863
-0.246651790837893
0.0829783599267443
-0.038603615707409
-0.108433897787976
-0.20023065069751
-0.104344789827071
0.0321394949109715
-0.396422973563239
-0.305376864723258
-0.270468776425388
-0.00267659616653843
-0.184074474712313
-0.159517166867804
-0.13157692491722
0.11559202706838
0.262461761398064
-0.189176396352617
0.140863379642921
0.671173993480469
0.856630778152281
0.386365514312096
0.147157470302307
-0.00859511912779609
0.00310078395254002
0.123476609474927
-0.00352996779519249
-0.24767059899628
-0.06013241787618
0.289102834684362
0.148000183791444
0.0595981155808767
-0.0410136534929497
0.0574706997234643
0.220400978287176
-0.215509299347155
-0.162914664851791
-0.102761770292375
0.171338189911078
-0.0328614810573572
-0.00612490759742657
0.0492989864799387
0.319948885868934
0.467579704595826
0.0130900429341474
0.30445003340897
0.504338405852137
0.179261252821619
-0.201086175162978
-0.170009149953833
-0.138904498906046
-0.0471757656113268
0.210198765744085
0.176065307123227
0.0557036045056539
0.0584663960562316
-0.0228810736091782
-0.379241576754245
-0.446649446168145
-0.343834611835056
-0.117964226931057
0.199154588616995
-0.00672688908943221
0.129574296944421
0.130251948501769
0.167670095205631
-0.181690400350587
-0.323716953618673
-0.325290786242357
-0.241677757764257
0.0638124982096237
0.0763100987293365
0.14981465189523
0.379062814213926
0.214025696503466
-0.00101385355491268
-0.0343355914843687
-0.0268006671737326
0.0178378351657088
0.244723054646711
0.0903555094744152
-0.13967840415978
-0.0424990016432015
-0.0121179318107268
-0.166901871936022
-0.102395161256479
-0.0176655137512978
-0.0622762313462214
0.0617935143680812
-0.387901698353562
-0.142244829517937
-0.0861129029931457
0.0561440262927188
-0.057627914020199
0.0261492042010578
-0.0860083472071151
-0.0850424676157845
0.150457523113748
-0.0282411040263617
0.207622276125431
0.452369226465588
0.264303880536604
0.0435746234875649
0.0185525410770341
0.0447520115256133
0.0788113026573607
0.307334969331493
0.169887199057262
-0.0881661799363176
0.0523835128408767
0.0826266236474125
-0.0824240145133554
-0.0117085884208975
0.0667186102964477
0.00818177750598791
0.125113122056697
-0.288393783147313
-0.0638095876901872
0.0175190720864758
0.154034750958027
0.0228832954640528
0.099938244076405
-0.0163036946968315
-0.0309338192667546
0.197130381848191
0.0617510327611621
0.273836817823566
0.48628895176847
0.290392007538692
0.062069254286789
-0.042459785792322
0.0499468239013398
0.0449089454636289
0.231717827526854
0.25053410871933
-0.29338536612126
-0.194765180051796
-0.00811047133607075
-0.0494583604065595
0.19286028629105
0.324651620244605
0.0695247836097012
0.031276551987549
-0.496612532690369
-0.13341188830665
-0.115249662149534
0.0824925590105928
0.0688465428901764
0.337052845559913
0.185317169454453
0.0125337736258201
0.139490814627229
-0.103759815113282
0.13569505038968
0.242314843806468
0.0865162672174715
-0.0466892739543818
0.0418070825736958
0.180978567384706
0.0702973021320982
0.198697089358888
0.299532379791803
-0.335786507131173
-0.261547033765773
-0.109099093665516
-0.282359768233371
-0.0726747486854163
0.0825192962035007
-0.0694015004484479
0.0708144276525139
-0.233698333819698
0.0361013287992854
0.107768266376862
0.0030093908983769
-0.0755831811312884
0.0713418531735597
-0.0606994705107375
-0.143975079278867
0.052070915528476
-0.169129669452754
0.142623724583932
0.228732445369606
0.0790353021537351
-0.0530416186846789
0.02921716698778
0.179338402927487
0.0984224059948792
0.253040381487511
0.317901756215837
-0.320516174695922
-0.246605406339422
-0.0895676447407694
-0.27572552051512
-0.0716596077128705
0.06754551037598
-0.0651269231660349
0.0979035183443495
-0.204424534877505
0.0185887735809761
0.1078298446125
0.0489954666289356
-0.0504102154041057
0.075477614721366
-0.07577024714505
-0.142261966782188
0.0644146175184769
-0.173064087725129
0.0177020713744802
0.179288587567884
0.0420307854346226
-0.0833266869279633
0.0627220498946026
0.142292564001862
0.0343338608965542
0.13510356145528
0.397760299687636
0.0283905677958949
0.203357416071088
0.0284721328170041
-0.402967297708761
-0.382705933186332
-0.346278605842549
-0.322293573682861
0.155728316292626
0.339808416671333
0.187897930339404
0.304337615282974
-0.0207697389761448
-0.243840120115867
-0.172512667590169
-0.199520445980754
-0.243676543826308
0.138206165214635
0.114890311942764
0.0695380795292193
0.321862226459876
0.101998573189772
-0.0786305686398514
0.0810639998692465
0.117517531033585
-0.0334024411968438
0.0555877623776477
0.188323029930463
0.179202972458075
0.484766775584419
0.206532055362689
-0.309578682481097
-0.381194832120655
-0.256932719313807
-0.20618150361966
0.140484853369527
0.29861500302915
0.087989557096565
0.255759746566527
-0.0412067621496875
-0.151507063022868
-0.115511030669063
-0.209367208884067
-0.126716725748404
0.338154116594302
0.334052158311874
-0.0611685346413939
0.191921979206026
0.0293508329506781
-0.126089275387008
0.0243673840816927
0.0627591196991076
-0.0987288783424376
-0.0435049463177566
-0.00289297734632547
0.0534833703084214
0.371667051424889
0.143854312754353
-0.343255501919762
-0.420845869733899
-0.306707220634747
-0.270656128462915
0.0450985724951679
0.120956086921144
-0.0228741797701237
0.157090214981105
-0.0954485373078807
-0.204983146394641
-0.1721808299965
-0.255085485751812
-0.17716779000247
0.251561911685082
0.160326276654634
-0.00370251256329925
0.19821428834363
0.0689390614332273
-0.0401599626316335
0.077194934125907
0.0306184351390983
-0.117604121792908
-0.0140788811692494
-0.0329852668149551
0.271979580199512
0.402826497147382
-0.0116777427930573
-0.327014118659788
-0.456377083219179
-0.43880076588515
-0.358393924593669
0.0258883158743236
0.428069845985676
0.149458657207398
0.220389938997726
-0.113245273224002
-0.251173327454573
-0.273594564293821
-0.29370914864838
-0.203830089941611
0.154905778544624
0.220869064074325
-0.0383574050841751
0.138441829413589
0.0956024966641956
0.0127235827838834
0.058354445950576
0.00056963038190428
-0.0144825238122435
0.118366855202051
0.0811160916610792
0.284079514239871
0.469058989792444
0.288573749029443
0.0105090807584735
-0.123762650024538
-0.220124445630788
-0.0967473090838989
0.259484582111719
0.487796257555796
0.167805497896143
0.310159114544212
0.162012468348822
-0.106108468712864
-0.163804873180014
-0.0859643366127772
0.0277517823093639
0.26697008309837
0.278162059690484
-0.0561418203646038
0.142339767135435
0.0885922643731972
-0.0124672892228496
0.00482425558159079
-0.0374622021845664
-0.0569633364749234
0.0857498326239478
0.0579299941721975
0.254234937029492
0.45244745431836
0.263349194720968
-0.00972667919899205
-0.142074712336572
-0.237234629404211
-0.137650442618651
0.217544150266839
0.457320749034612
0.129075808424325
0.290203536051816
0.123619911537516
-0.130086454272071
-0.169345875536756
-0.10958741051799
-0.0197660719226733
0.225771374498873
0.241222599427798
-0.150305987791077
-0.0927937524627164
0.0959499605957461
0.0405227544509416
0.0351490130327365
0.153969738952023
0.198948446046454
0.253744773745099
-0.0948542915926102
-0.00988635338251016
0.237597985661528
0.307252962609039
0.298540020845006
0.484383976509993
0.54575790386381
0.293705194771147
0.286424496800824
0.127214848207776
-0.0684139513361293
0.0978375459416357
0.319749168356851
0.345539980292635
0.52047145228467
0.285817629075586
0.122318629195899
0.200291008088849
0.0685628380814527
0.0113773151448836
-0.423638055039726
-0.163003021836941
-0.0772972458580998
-0.130290663960536
-0.00201920958306112
0.02235262133979
-0.00985112955633436
-0.429773341011252
0.0540761423000235
-0.328251749043061
-0.126513042052318
0.0090178604099263
0.156585729537389
0.242730279034176
0.141817300556776
-0.0747150475470239
-0.479917929012433
0.0198452992186877
-0.347088003099029
-0.0291729439656518
0.152340768451962
0.176734476743829
0.076309979842185
-0.0599050365657535
-0.159824798500949
-0.521641732837338
0.558567560961015
0.0211451361834011
-0.0951466424826396
0.0288095904766724
0.186151134556677
0.155599520371535
-0.0950256497431519
-0.137833820842179
0.160528327767335
0.413414309114069
-0.00867280425998012
-0.12663089938629
0.103963438016953
0.202106557525065
0.227978662463884
-0.0111818374093225
-0.14680749840626
0.09204486852002
0.580187994382872
0.0453157585478398
-0.242339787886702
-0.0729818301774862
0.194839420357242
0.306885356135762
0.047181784562505
-0.148042131325742
0.165786330258645
0.0234345968582469
-0.237470675838394
-0.195361331948422
0.149565003463336
0.386980256022781
0.502014852212744
0.403420905098223
0.00729456182458992
-0.000458148953739588
0.171090234598998
-0.0406821003198123
-0.269786928492166
-0.0267951298222835
0.139315339983524
0.0676249697884393
0.0633248420133387
0.0157378081201965
0.132274830277576
0.297928483332171
0.204783818985878
-0.0362998284318952
0.184554476455632
0.345560679348564
0.214155337090794
0.0720824288251103
0.00783305108546349
0.278684434754967
-0.0607189025893399
0.0790094167131934
0.103730656270358
0.139677810449217
0.0280958412734548
0.150373828871738
0.341472511470818
0.352541933983673
0.371804152421319
0.0817539967349523
0.0753959593037323
-0.0256933898608541
-0.105185133722687
-0.0293767626250567
-0.0268444465780389
-0.069598798546555
0.0390582027959459
0.155320719379039
0.204625389068028
0.154914275980743
0.155009814747245
0.124156227405412
0.228226120964809
0.153326264003949
-0.0385548064225128
-0.0306571403138536
0.138193717728583
-0.0318481778632654
0.0545449756414509
0.0681769282036271
0.114824608038843
0.0815849299066802
0.212154179610104
0.428244775305889
0.453525137770371
0.403069839573582
0.0834210408389837
0.04100675301246
-0.0367470875690177
-0.111283129652698
0.0164817578793051
0.00664906457038272
-0.031308284082455
0.0687109546644352
0.129016050610506
0.169388917833803
0.0506787568990604
0.0929943313391075
0.0739991515573987
0.221436390045664
0.120867918359581
-0.0845165406795278
-0.0764245234071177
0.0356904008465369
-0.0856019527688012
0.287130667866585
0.470871806761559
0.147837617836405
0.0756998831747483
0.338759210474965
0.629647251172451
0.403081207894777
0.00823605050015306
-0.111995805282274
0.0481404757222062
0.195480765703657
-0.0469972777924005
-0.0543425016223957
0.119840807402724
0.338132479506607
0.333389581724095
-0.0560843296260462
0.0852062113706435
0.0438987871333256
0.219558556689978
0.0851849841633287
0.159316491699714
0.019961830411433
-0.135267986115622
-0.117906954783177
-0.0950842957023736
-0.264832155571365
-0.20371229198144
0.0469881041078461
-0.151712272704951
-0.145493016884161
-0.113707831275946
0.150260990084025
0.302679508329051
-0.117005553123325
-0.137161847115295
-0.143639055947967
-0.0704449331206746
-0.20841437827883
-0.18745290551213
-0.0554549352104906
0.273357182166841
0.759543510765808
0.509328444967071
0.0292894523527074
0.0356789026260711
0.0137813971504607
0.0271578445592362
0.227172558497341
0.102239183148985
-0.17660564580281
-0.061114357217236
0.00274063964365955
-0.2527229958683
-0.174365446015455
0.0820684370539364
-0.144570955231721
-0.166774192087067
-0.10800190510801
0.220495576423372
0.371533095951942
-0.0813014972451455
-0.095671977126731
-0.0790545637825569
-0.0137267141377851
-0.181624374225692
-0.187801805634354
-0.0390123555337855
0.355368838404107
0.877097691175779
0.608434990056529
0.077453013449911
0.0975526080356695
0.0823843679838927
0.0839584852271078
0.261991377317959
0.127238517010272
-0.125400316711572
0.0211519153512171
0.103000803512025
0.00751843099402929
0.0677692766315706
0.102901007822462
-0.257460876270841
-0.422438278429638
-0.407286181737282
-0.309511359373247
-0.0399963203668656
-0.0361139345495162
0.0761278817661233
0.116647087376594
0.142988824051396
-0.0995261172597492
-0.204893122598889
-0.304522110066584
-0.260337353471715
0.336511985469557
0.525625297786894
0.0913374653687635
0.151282930244703
0.0773029276286975
0.0198599918700131
0.272220093385221
0.123700453273737
-0.274503494201437
0.0416978149009122
0.181148395013623
-0.266288851172943
-0.146664081183012
-0.0141692888492822
-0.123110219906387
-0.0646957068366571
-0.161930013243568
-0.162009248873847
0.0435776786708014
-0.148941773667802
0.00511084307316534
0.125353305726413
0.0729224103738856
-0.090124491716309
-0.0976897550100275
-0.0837296060379296
-0.0146936515042305
0.399858741940946
0.414333748853152
0.00277698889456957
0.0650048316271037
-0.0583265925049938
-0.176760703472545
0.183191494506306
0.194362888260555
-0.148644734548305
-0.0464738643437728
0.0355270118699597
-0.225833321016282
-0.0610628082860553
0.0916023309824865
-0.0176019111360813
0.0484883017043441
-0.067349367568427
-0.10163626946012
0.0967349245990947
-0.0465422474305162
0.0720503573145763
0.197011784755206
0.164848709446756
0.0103542501051444
-0.0063936517354676
-0.0127924821052466
0.0289626947341458
0.439354133472663
0.511738894124032
0.0708116556986976
0.14383224517174
0.0172128275647919
-0.100999671610642
0.24527407298605
0.245605669667533
-0.141902611995191
-0.0532211246953337
0.110929681714358
-0.273041040001737
-0.210396869117549
-0.00997881205649156
-0.0063401871598568
0.222719226294111
0.0740348635790548
-0.0837646192090201
0.026044019366747
-0.227165936348066
0.109505338628813
0.330866373294038
0.211333317860209
0.00676706906671749
-0.0419121183086293
-0.0683573583399048
0.0589338095697083
0.461531878076528
0.588732735673505
0.0101890894948154
0.174199914778088
0.00225492518487271
-0.122535271039736
0.105350016197413
0.0513176929784475
-0.111957509619839
-0.113419210348988
-0.0672459164274831
-0.102646344078662
0.015948288366129
-0.0619890920555686
-0.156012907452034
-0.057492030229321
-0.198705574009545
-0.26478485392733
-0.0787739181793838
-0.313202907959981
0.178660143022169
0.381499229988643
0.180253971126668
0.0996962349018872
0.15100998983423
-0.0640408803186654
-0.0682906332988729
0.216433680785057
0.383998002706655
-0.0873465561960579
0.0677024101597877
-0.00657328221408702
-0.104143945765263
0.066241573950662
0.0228559752639027
-0.112764507548009
-0.126635968772253
-0.131499510988512
-0.0663439122129028
0.0659575563085396
-0.0112002102216581
-0.108494702614315
-0.0100734134761767
-0.166534793010081
-0.231844389293691
-0.0293199504211276
-0.24595518204729
0.227062056590126
0.447509016638839
0.233837988920642
0.143131662009459
0.213989641288027
-0.0120264942079776
-0.0357841135402648
0.246397673412162
0.432781956828982
-0.0524408243447578
0.0932601557098495
0.0172190265417057
-0.0616984187733253
0.120444386134958
0.0720769028443748
-0.0901330473901414
-0.136812054591607
-0.145969014447291
0.0905944641698294
0.256577464045654
-0.0745160102975079
-0.295588251516031
-0.252791458501176
-0.278876383929139
-0.321573522493754
0.0453346917572224
0.0127682348952842
0.159735168030791
0.32055983047442
0.0272933797494332
0.00680384040637222
0.225908193028827
0.0383205652293586
-0.106729733067632
0.0429928492686533
0.179271996343565
-0.0839317076248395
0.035159855643753
-0.0646667784802678
-0.0742484466215038
0.170557598565138
0.13040439268466
-0.0478670251934286
-0.116484314213087
-0.172150930525969
-0.024611709951633
0.212858846721803
-0.0954465344023034
-0.218018197319703
-0.205440951677419
-0.291584272482517
-0.206938507850546
0.246932264329061
0.187037366214086
-0.0197766652113731
0.149336206778586
-0.102928212584791
-0.0686180062712896
0.165327476934487
0.0973179510621585
0.00070260173218379
0.173706951580187
0.238430314637479
-0.130068195355862
-0.0737704379722331
-0.151446189628619
-0.0561231110973329
0.130572020449528
0.105885672504418
-0.0694654186764357
-0.0238897930418082
-0.194078440118531
-0.033627800111595
0.186118889089639
-0.113690457713022
-0.207770638386186
-0.173610682002952
-0.254884366950746
-0.167340353167579
0.264275123300045
0.170147968678008
-0.0436615066680277
0.112553519723487
-0.104539775888022
-0.0461897578298598
0.211410166573976
0.13850399405651
0.00635609659601095
0.147398068600886
0.167987694690524
-0.174600702504331
-0.11641821246215
-0.170427401226905
-0.0721608160485727
0.132769145453382
0.0986814313789404
-0.0912290900691551
-0.0649829091562743
-0.255379273209269
0.140258657003493
0.2500530228707
-0.11938988290157
-0.257643426598339
-0.279144174691223
-0.308740675857649
-0.21580478118948
0.149353529963958
0.219272718540332
-0.125269842759675
0.0166561243822255
-0.0983399931578189
0.00583595238857123
0.16837331904998
0.245742490828696
0.0892822099274341
0.196121259575219
0.194700973171163
-0.095207453680899
-0.165015603379081
-0.151496565110072
-0.0490771418971328
0.120739372612392
0.224812130483597
0.0164920203083129
-0.0245068777340001
-0.270175896576232
0.139775801644025
0.318264635860542
0.143969222897962
-0.113267362153981
-0.165601856737624
-0.107574451443214
0.00790859133188075
0.236955480573173
0.232608435735555
-0.183469452980242
0.0404567667029251
0.136111191002205
0.0221348420515187
0.0890550770894697
0.0874170647503138
0.10381789167598
0.139965608628271
0.057281730129212
-0.145026084589489
-0.144285704654534
-0.100473972301375
-0.0704197138848884
-0.00674633448382843
0.0153122010373311
0.0162411283719954
-0.0172488180380593
-0.272397154145871
0.185343085668951
0.360581504078496
0.154083459518603
-0.101294632440109
-0.129600773970186
-0.0624798914524523
0.0428006860963902
0.301412767199731
0.326021755738751
-0.138428989443391
0.0847225810416501
0.163397849007759
0.0506108134076392
0.11513755648612
0.100552056421128
0.137065295268147
0.190847637807752
0.110754039003386
-0.10082924596089
-0.0986319333558405
-0.0537838312612383
-0.0338001437520974
-0.00596400725863919
-0.000528009895412196
0.0233231820054015
0.0160739352809678
-0.226316479550956
-0.034341292677565
0.15465778661388
0.362978202249409
0.38920414212585
0.594469962442448
0.36816970980605
0.213121899628193
0.299904000763697
0.147235426296105
-0.158117748903119
-0.0322304447599599
0.320079580913511
0.234696373971201
0.216685593419811
0.10401401214325
0.0638707910379599
0.0293899609663126
-0.239778541917738
0.0392651819672799
-0.134739289199604
-0.0200309037183491
-0.0581791664502159
-0.16182726600007
-0.0780006189103912
0.065257626997294
0.0378874947003677
-0.321555179849527
0.0121837037336991
-0.344111518689317
-0.0111660139767447
0.182721190112715
0.250430738812155
0.145960661109704
-0.0181689179398514
-0.123663687869365
-0.510414993630158
0.222447840810446
-0.228628209026577
0.0736663578780556
0.0678083207723967
-0.0438797719872242
-0.0655691825986713
0.0766163984272285
-0.0460665732358986
-0.568166677366292
0.431732211654542
-0.17177022265319
0.0193299255512192
-0.0440393294101301
-0.0858929865458557
-0.0750372302527494
0.0864447642466105
0.0671569332356666
-0.36373845128082
8.3024146000
