32, 32
1.32743, 0.434517, 0.412661, 0.366542, 0.954307, 0.62739, 1.37003, 0.764697, 1.22322
2.70015, 1.31244, 1.08484, 1.44013, 1.3356, 0.925635, 0.944167, 0.611894, 0.330044
1.5322, 1.18424, 0.720104, 0.483521, 2.14194, 1.34107, 0.679382, 0.535964, 0.377055
1.46235, 1.2944, 1.17438, 0.950491, 1.42895, 1.04804, 1.05865, 0.724145, 0.38661
1.7244, 1.37084, 0.485133, 0.656441, 1.18869, 1.73703, 1.38054, 1.33286, 0.721967
1.2964, 1.42145, 0.787373, 0.371713, 0.948299, 0.825937, 1.39072, 1.42903, 0.700622
0.629294, 0.640415, 0.978272, 1.00686, 1.00209, 0.457962, 0.622587, 0.495587, 0.753409
1.06795, 1.30556, 0.898872, 1.0282, 0.960915, 0.883459, 0.551908, 0.408765, 0.661155
0.899649, 0.843674, 1.2542, 0.812098, 1.4085, 1.26497, 0.703257, 0.509665, 0.560303
1.09514, 0.450298, 0.49506, 0.637602, 1.07457, 0.734433, 0.885341, 1.13699, 1.17632
1.34343, 0.732067, 0.349088, 0.491349, 1.31702, 1.29869, 0.575248, 0.932775, 1.13903
0.961521, 0.872202, 0.274246, 0.372526, 1.43576, 0.94055, 0.679492, 0.322648, 0.955709
0.937094, 0.493101, 0.841487, 0.886401, 1.07837, 0.785654, 0.276946, 0.200948, 0.600949
0.728649, 0.671745, 0.304123, 0.305405, 0.689606, 0.436284, 0.0935752, 0.215617, 0.854618
0.78077, 0.674612, 0.311961, 0.212973, 0.949319, 0.415892, 0.277891, 0.269319, 0.552798
0.683501, 0.513724, 0.213806, 0.287151, 0.555801, 0.694864, 0.207066, 0.334198, 0.803642
0.872797, 0.88923, 0.298428, 0.448517, 0.591131, 0.808116, 0.27989, 0.301383, 0.752504
1.20449, 0.826205, 0.544583, 0.321003, 1.0077, 1.16002, 0.34548, 0.276339, 0.848861
1.7435, 0.398945, 0.350885, 0.501395, 1.17932, 1.26556, 0.427048, 0.55347, 0.811603
2.34244, 0.813567, 0.518582, 0.705904, 1.25782, 1.23081, 0.58558, 0.73367, 1.12027
1.7567, 0.384898, 0.487041, 0.736408, 1.90307, 1.01333, 1.17334, 0.660408, 1.04957
1.45151, 0.994138, 0.408361, 0.976805, 0.830653, 0.563029, 0.543031, 0.751027, 1.18407
1.40138, 0.800684, 0.84403, 0.839128, 0.876257, 0.487974, 0.446107, 0.910721, 0.913148
1.63335, 0.885822, 0.63513, 0.99973, 0.966524, 1.16465, 0.596118, 0.775242, 0.782228
1.06593, 0.874541, 0.746496, 1.01493, 0.905159, 0.870161, 1.13027, 1.0693, 1.06588
1.70585, 0.884452, 0.534773, 0.516648, 1.07756, 1.14176, 1.50844, 1.00984, 1.15218
1.65378, 1.30535, 1.01618, 0.937761, 1.54103, 1.22389, 1.05888, 0.724774, 0.815657
1.31497, 1.76846, 2.1691, 0.653892, 1.39607, 0.90368, 0.516262, 0.538634, 0.890353
1.24882, 1.6079, 2.07412, 0.816027, 1.30175, 1.17309, 0.3776, 0.644968, 0.827261
1.95148, 0.640889, 0.309131, 0.343473, 0.854326, 0.774619, 0.330109, 0.519186, 1.02361
1.51374, 0.797006, 0.890292, 0.854763, 0.920647, 0.730284, 0.288165, 0.383927, 0.496146
0.999732, 0.313122, 0.236934, 0.0900375, 1.21233, 0.766963, 0.7188, 1.17918, 0.780795
0.307435, 0.772057, 1.16289, 1.18502, 1.45969, 1.34561, 0.69371, 0.695367, 1.02752
1.10537, 1.53795, 2.46502, 1.57767, 1.84756, 2.38107, 1.63106, 2.92202, 2.22145
0.862665, 0.936081, 1.90641, 1.01651, 1.58432, 2.33651, 1.82651, 2.27382, 3.09231
0.979489, 1.52897, 2.16103, 1.59508, 1.00936, 1.7687, 2.19023, 1.77394, 2.07773
0.887506, 1.53681, 0.851981, 1.6104, 1.01976, 1.46679, 1.98698, 1.69891, 1.49312
0.807665, 1.2706, 1.4685, 1.27364, 1.55509, 1.16841, 1.23903, 0.867672, 1.17899
0.577556, 1.14619, 2.05, 1.41321, 0.650572, 0.792317, 0.792887, 0.661727, 0.829188
0.712113, 1.04175, 0.993739, 1.31273, 1.07217, 1.06593, 1.07707, 1.46436, 1.22825
0.9448, 1.32537, 1.68217, 1.39595, 1.13983, 1.64719, 1.03659, 1.22785, 0.619329
0.716312, 0.983146, 1.52289, 1.28955, 1.36537, 1.74269, 1.80615, 1.65672, 0.76843
0.907497, 0.831929, 1.77361, 1.4947, 1.30439, 1.5838, 1.26236, 1.03011, 0.964222
0.620692, 1.3357, 0.961274, 1.10944, 1.64571, 1.93998, 1.0249, 0.991947, 0.847688
0.865849, 1.00827, 0.501868, 0.913258, 1.90674, 1.62487, 1.20462, 1.02587, 0.870769
0.984123, 0.910988, 0.747251, 1.14408, 1.37614, 0.984978, 0.874676, 0.625486, 0.756268
1.00503, 0.931397, 0.749669, 0.951789, 1.35696, 1.11319, 0.63558, 0.425447, 0.781361
0.592374, 0.612028, 0.510827, 0.670131, 1.02549, 0.704464, 0.320443, 0.596357, 0.669975
1.07199, 0.821567, 0.971378, 1.2054, 1.16774, 0.575936, 0.382809, 0.278692, 0.467004
1.16604, 0.860146, 1.20926, 1.02765, 1.91124, 1.1556, 0.525898, 0.586459, 0.721468
0.590775, 0.770314, 0.598993, 1.50884, 1.81434, 1.14509, 0.89271, 0.589258, 1.17509
0.774322, 1.18258, 0.853363, 1.51437, 1.76304, 1.24629, 0.421838, 0.3827, 1.06653
0.698753, 1.12183, 1.24705, 1.5725, 2.006, 1.44246, 0.806578, 0.656011, 0.863075
0.854495, 1.30801, 1.15667, 0.98832, 1.72934, 1.75766, 1.28425, 0.922092, 0.920127
0.744745, 0.942899, 1.21843, 1.28949, 1.26255, 1.43937, 1.46667, 1.5177, 1.14536
1.21049, 1.38447, 1.69215, 0.992674, 1.62975, 1.33806, 1.30872, 0.708442, 1.44126
1.81754, 1.41331, 1.38431, 1.53626, 1.39243, 1.04783, 1.03495, 0.719166, 1.5922
0.944392, 1.11545, 0.903854, 1.24011, 1.44407, 1.6241, 2.08314, 1.45102, 2.31178
1.78939, 1.69601, 1.7892, 1.21725, 1.56839, 1.69485, 1.64499, 1.92319, 1.87182
1.16323, 2.13312, 2.30382, 1.97202, 2.20974, 1.08361, 0.561385, 1.77901, 1.63181
1.14316, 1.25862, 1.11219, 0.994479, 2.12895, 1.37871, 1.48748, 1.96498, 1.40094
1.34246, 1.12254, 0.490232, 0.533379, 1.37724, 1.44754, 1.47476, 0.872849, 1.52458
0.956266, 0.44952, 0.286305, 0.385992, 0.893232, 0.60358, 0.372525, 0.374419, 0.40519
0.631911, 1.03925, 0.553847, 0.570686, 1.57966, 1.13202, 0.469934, 0.640185, 0.638934
0.673431, 0.795713, 0.475015, 1.10841, 1.75096, 0.803498, 0.537736, 0.563673, 1.01837
0.450931, 1.16552, 1.30257, 1.18813, 2.02982, 1.83113, 1.64206, 1.40817, 2.19803
0.668074, 1.00781, 0.836317, 1.23992, 1.99, 1.7921, 1.95055, 1.5968, 1.94104
0.704726, 0.943074, 0.854141, 1.29962, 1.69546, 1.49206, 1.84546, 1.90411, 1.86883
0.766341, 1.77412, 0.989925, 0.996409, 1.60665, 1.65258, 1.04986, 0.884392, 0.981994
1.02598, 1.20819, 1.42114, 1.23646, 1.11515, 0.969513, 1.22419, 0.857377, 0.85264
1.01179, 0.897497, 0.868852, 0.856874, 0.873063, 0.869684, 1.2977, 1.06938, 0.638569
0.729838, 1.08475, 0.691095, 0.842243, 0.955568, 1.05547, 1.20353, 0.959586, 0.886936
1.27028, 0.965872, 0.660203, 0.721082, 1.10084, 1.35026, 1.02464, 1.25865, 1.07387
0.75922, 0.624091, 0.726645, 1.28474, 1.10369, 1.44813, 1.20776, 1.10553, 1.01907
0.707809, 0.703848, 1.68215, 1.15951, 1.12255, 0.961551, 0.826951, 0.806788, 0.92461
0.673175, 0.686608, 0.995618, 1.13502, 1.01102, 0.927973, 1.02339, 1.24321, 0.981443
0.823769, 0.542039, 0.430575, 0.85734, 1.00653, 0.954326, 1.19414, 0.864936, 0.95981
0.59681, 0.568154, 0.337336, 0.695594, 0.836637, 0.822998, 0.506467, 0.43327, 0.708795
0.620303, 0.449496, 0.385971, 0.553341, 0.812184, 0.625522, 0.530585, 0.306238, 0.477146
0.487654, 0.765868, 0.559297, 0.564688, 1.02682, 0.7258, 0.197484, 0.314043, 0.506511
0.527665, 0.842371, 0.894332, 1.10345, 1.01316, 0.718687, 0.442555, 0.544646, 0.852353
0.515595, 0.978997, 0.995155, 0.960157, 1.23502, 0.659033, 0.556668, 0.54164, 0.41181
0.588223, 1.21008, 1.28717, 1.08255, 1.24168, 1.08164, 0.826258, 0.49097, 0.650856
0.604409, 0.924236, 0.858167, 0.926111, 1.5754, 1.23711, 0.659786, 0.467511, 0.789402
0.554536, 1.11347, 1.07003, 1.10909, 1.12809, 1.55769, 1.18657, 1.06462, 0.419592
0.661857, 0.781891, 0.82212, 0.712926, 0.73637, 1.08269, 1.65976, 1.40658, 0.952729
0.438362, 0.602375, 0.974252, 0.820566, 0.972188, 0.936999, 0.722866, 1.25559, 1.66794
0.982059, 0.950933, 1.08933, 1.07819, 1.18628, 0.965391, 0.877817, 1.10782, 1.44984
1.33852, 1.16108, 0.820838, 1.36092, 1.34605, 1.19279, 1.5315, 0.793663, 1.43144
0.735216, 0.700881, 0.993775, 1.44226, 1.48048, 1.60299, 1.66943, 1.36804, 1.68213
0.90961, 0.853788, 1.16491, 1.64203, 1.5396, 1.46712, 1.21942, 1.36635, 1.92553
0.854481, 0.876428, 1.70287, 1.67398, 1.43864, 1.51159, 1.17398, 1.16606, 1.537
0.95434, 0.891367, 1.41684, 1.28023, 1.38343, 1.23985, 1.72275, 1.62635, 0.778603
0.932654, 0.970855, 0.846474, 0.850365, 1.68067, 1.11705, 1.14349, 1.18482, 1.76419
0.872356, 1.27696, 0.707681, 0.843826, 1.48376, 1.14195, 0.879346, 0.775787, 1.30757
0.555746, 0.494549, 0.297559, 0.2909, 0.782128, 0.917213, 0.77638, 0.486358, 0.493048
0.807778, 0.730422, 0.402318, 0.482867, 1.72144, 0.875687, 0.720235, 0.638139, 1.64395
0.958414, 1.23959, 1.62732, 1.63878, 1.4308, 1.60432, 1.46543, 1.14168, 1.58876
0.827067, 1.57642, 0.8972, 1.10815, 1.43338, 1.22596, 1.58229, 1.95086, 2.10622
0.600445, 1.22302, 1.39087, 1.95441, 1.87417, 1.42617, 1.39019, 1.61557, 1.63706
0.521287, 1.35355, 1.50008, 1.27769, 1.85371, 0.975311, 1.08129, 1.14761, 1.3325
0.996888, 1.04801, 1.25503, 1.17009, 1.16439, 1.2817, 0.7598, 0.982727, 1.27278
0.790164, 0.821708, 0.769985, 0.772485, 1.10147, 1.4675, 1.22284, 1.40201, 0.875768
0.938569, 0.94465, 1.12213, 1.32807, 0.853522, 0.927939, 1.024, 1.08843, 1.07912
0.873474, 0.725135, 1.1407, 0.711885, 1.01266, 1.47591, 1.31401, 0.962446, 1.13579
0.540243, 0.593008, 0.989881, 1.19104, 0.861104, 1.60522, 1.41016, 0.817045, 1.46442
0.564042, 0.819787, 1.60972, 1.42013, 1.02519, 1.02199, 0.917537, 0.6367, 1.15143
0.444065, 0.668195, 0.996619, 1.1814, 1.16189, 0.974422, 1.12971, 0.979336, 1.19577
0.714039, 0.486785, 0.290645, 0.43677, 0.783182, 1.30365, 1.08205, 1.16216, 1.31722
0.91229, 0.591218, 0.360913, 0.481729, 0.943371, 0.839325, 0.488865, 0.385688, 0.758452
0.404714, 0.369673, 0.3231, 0.33253, 1.12145, 0.902232, 0.323142, 0.291301, 0.545304
0.44327, 0.571505, 0.361398, 0.268, 0.528665, 0.564534, 0.336139, 0.220929, 0.288993
0.698143, 0.668968, 0.179956, 0.431239, 0.97543, 0.988514, 0.484075, 0.364669, 0.800944
0.512183, 0.615835, 0.351221, 0.486244, 0.861569, 0.87581, 0.725012, 0.674102, 0.562497
0.443193, 0.64817, 0.474837, 0.643526, 0.931245, 1.07814, 0.657578, 0.822154, 1.17999
0.436846, 0.411696, 0.747907, 0.719218, 1.15083, 1.35498, 0.603779, 0.802914, 2.06014
0.564518, 0.807113, 0.731439, 1.15175, 1.31538, 1.26547, 0.622601, 0.918803, 0.940648
0.859433, 0.735154, 1.11022, 0.978052, 1.02767, 1.45731, 1.19306, 1.18097, 0.757566
0.526026, 0.7718, 1.5352, 0.921458, 1.19261, 1.20971, 0.949759, 1.00615, 0.941222
1.29409, 0.899154, 1.00478, 0.644371, 0.838763, 1.13525, 1.10946, 1.28221, 0.865593
0.96777, 0.890737, 0.556558, 1.02897, 1.40477, 1.4944, 0.926875, 1.15025, 1.79188
1.34586, 1.34559, 1.23433, 1.58747, 1.81133, 1.76381, 1.06289, 0.844039, 1.7678
0.841617, 1.06976, 0.998491, 1.00494, 1.6224, 1.56042, 1.06954, 1.40982, 2.11891
0.989456, 1.01254, 1.59715, 1.09215, 1.3592, 1.06272, 1.54474, 1.39462, 1.31984
0.904593, 0.878221, 1.35599, 1.39793, 1.4138, 1.52386, 1.32458, 1.25387, 0.675016
1.09458, 1.10255, 0.777448, 0.692731, 1.61672, 1.35681, 0.852333, 0.871878, 1.40586
1.06012, 1.35025, 1.15136, 0.856229, 1.46172, 0.979271, 0.726634, 0.523384, 0.999025
0.490314, 0.375232, 0.484864, 0.385325, 0.866768, 0.776566, 0.519509, 0.491472, 0.426164
0.867957, 0.589664, 0.613093, 0.684119, 1.28809, 1.08737, 0.916588, 0.591871, 1.35415
1.21614, 1.60628, 1.33649, 1.98004, 1.57313, 1.2718, 1.63912, 1.99143, 2.08718
0.740416, 1.41667, 1.03456, 1.12077, 1.71193, 2.14825, 1.51023, 2.03635, 1.60904
0.544275, 1.01796, 1.60854, 1.03001, 1.65508, 1.39314, 1.02626, 0.939516, 1.23976
0.404181, 0.863663, 1.56735, 1.01888, 0.860332, 0.78032, 0.478959, 0.453316, 0.827761
0.83926, 0.804386, 0.977502, 0.78729, 1.00945, 1.22375, 1.37638, 1.19525, 1.34074
0.806799, 1.08889, 0.566357, 0.902842, 1.55532, 1.20065, 1.11652, 1.2598, 1.36692
0.610539, 0.46614, 0.7936, 0.730343, 1.23879, 0.826634, 1.47298, 1.50054, 1.41617
0.975881, 0.729355, 1.07008, 0.911504, 1.25435, 1.22883, 1.19617, 1.21426, 0.970114
0.774461, 0.436726, 1.05701, 1.01529, 1.34649, 1.90986, 1.16054, 1.00961, 1.27455
0.925417, 0.686655, 1.1338, 1.43479, 1.12428, 1.08286, 0.934742, 0.759131, 1.08049
0.732121, 0.825459, 0.541115, 0.906827, 1.11716, 1.33208, 1.05762, 0.714584, 1.14827
0.510902, 0.555123, 1.74368, 2.17691, 1.42034, 0.846189, 0.905492, 0.69738, 1.17802
0.306125, 0.493394, 1.14877, 3.58289, 5.08594, 2.94893, 0.386165, 0.529168, 0.459318
0.45632, 0.475298, 0.421922, 0.424874, 4.26978, 6.79896, 2.24726, 0.512432, 0.268934
0.46204, 0.511788, 0.371629, 0.431478, 1.54254, 2.72363, 3.41155, 1.49138, 0.520057
0.583002, 0.70818, 0.414083, 0.553435, 1.26036, 1.44238, 1.4664, 1.09639, 1.51962
0.557879, 0.576857, 0.333554, 0.42896, 1.23318, 1.11576, 1.0453, 1.05511, 0.956671
0.980351, 0.949336, 1.03505, 0.804036, 1.33314, 1.45089, 1.09616, 0.879441, 0.944005
1.05001, 0.776161, 0.663246, 0.892069, 1.01732, 1.24141, 0.695211, 1.21377, 1.29521
0.924909, 0.735144, 1.15324, 1.38368, 1.32234, 1.39829, 0.438939, 0.656103, 1.38695
1.09498, 0.926182, 1.26757, 1.49465, 1.18138, 1.01903, 0.402834, 0.768353, 1.43247
0.662066, 1.1596, 1.1369, 1.00976, 1.14842, 0.90382, 0.814866, 0.948183, 0.962886
0.761218, 0.729867, 0.793943, 0.574841, 0.80742, 1.2425, 1.30066, 1.2705, 0.859616
0.96188, 1.25776, 0.978249, 1.15856, 1.17941, 0.963016, 0.825903, 0.758202, 1.49381
1.73967, 1.39539, 1.73887, 1.02384, 1.19129, 1.00528, 1.38081, 0.916223, 1.26132
1.22441, 1.07037, 1.41704, 0.8143, 1.37448, 1.59134, 1.50136, 1.49819, 0.82974
1.05481, 1.31295, 1.05152, 1.16187, 1.80621, 1.37106, 1.74843, 1.28668, 1.02846
0.764048, 0.817712, 1.18764, 1.15028, 1.87713, 1.61482, 1.23784, 0.923806, 1.61963
0.720699, 0.615557, 0.723106, 0.519832, 0.917038, 0.879601, 0.711541, 0.858307, 0.739802
0.915649, 0.726231, 0.71669, 0.706999, 1.15773, 1.15425, 1.05248, 0.84432, 1.13789
0.464126, 0.535189, 0.548372, 0.582869, 1.03537, 1.37183, 0.68576, 0.344636, 0.743738
0.958451, 1.03023, 1.05405, 0.472175, 1.20919, 0.939042, 2.04252, 1.35967, 1.11769
0.7541, 1.40207, 2.4173, 1.80844, 1.99118, 1.61881, 1.53552, 1.00457, 2.31944
0.669606, 1.06972, 1.52573, 1.38226, 1.55895, 1.46321, 0.76878, 0.971948, 1.90755
0.874791, 1.01946, 0.887426, 0.670602, 1.21326, 1.12162, 1.13381, 0.826863, 0.609839
0.558256, 0.688009, 1.04933, 0.714037, 0.977032, 1.13376, 0.462533, 0.50183, 0.709661
0.760649, 1.06922, 0.791636, 0.712885, 0.973766, 1.28774, 1.22069, 0.998214, 1.41062
0.93022, 0.94062, 0.529823, 0.847319, 0.961277, 1.29912, 0.558076, 0.928451, 1.67908
0.57956, 0.616852, 0.793382, 0.91943, 1.19838, 1.33122, 1.21865, 0.913267, 1.36115
1.08763, 0.785197, 0.492624, 1.11052, 1.04072, 0.860068, 1.15093, 1.1802, 0.816313
1.28662, 0.817245, 0.48721, 0.505892, 0.978361, 1.62973, 1.17651, 1.24214, 1.19658
1.28845, 0.925394, 0.624362, 0.727703, 1.42464, 0.942469, 0.752611, 1.02134, 0.88958
1.55645, 1.13991, 1.2213, 1.00981, 1.48928, 1.2982, 0.624447, 0.622032, 1.37311
2.52528, 3.30906, 5.11481, 2.0506, 0.871206, 0.591767, 0.329214, 0.769664, 2.79759
0.852828, 0.412429, 0.757631, 1.19286, 1.49388, 1.12751, 0.710476, 0.906246, 0.491652
0.450961, 0.561982, 0.546462, 0.506441, 1.31423, 1.96793, 1.93791, 1.73859, 0.784955
0.408922, 0.432296, 0.469508, 0.777858, 1.39241, 2.18739, 4.15996, 2.61368, 0.628288
0.885356, 1.10067, 0.22755, 0.46704, 0.950961, 1.98246, 3.80456, 4.81391, 2.9806
1.47392, 1.06641, 0.364666, 0.264161, 0.920959, 0.766906, 0.777617, 1.36056, 2.47431
1.05282, 1.0912, 0.790318, 0.989644, 1.48829, 1.04041, 0.482853, 0.643274, 1.25071
0.584737, 1.22235, 1.11624, 1.01519, 1.10326, 0.944432, 0.896515, 0.525643, 1.13806
0.797872, 1.21195, 1.35487, 1.32598, 1.35335, 0.9305, 0.953874, 0.613249, 1.28122
1.08769, 0.88316, 0.657788, 0.927795, 1.32397, 1.17063, 1.4657, 0.931689, 1.09128
0.590366, 0.733048, 0.534225, 0.379018, 0.889184, 1.36464, 1.04556, 0.951321, 0.984906
1.06982, 0.313152, 0.70122, 0.529056, 0.976788, 0.705862, 0.838436, 0.780684, 0.540829
0.834844, 0.870405, 0.813684, 0.831403, 1.40083, 1.12242, 0.961101, 1.21307, 1.35351
1.07959, 1.12784, 2.09383, 1.9456, 1.92933, 1.26467, 1.17016, 1.04531, 0.960881
0.984425, 0.859236, 1.53236, 1.77917, 1.87421, 1.64678, 1.29809, 1.11219, 0.823956
1.32405, 1.7972, 0.947168, 1.03185, 1.6393, 1.35152, 1.33681, 1.12856, 1.38026
0.906532, 1.08928, 1.11591, 1.02949, 1.39064, 1.06561, 0.967885, 1.20041, 1.6597
0.965764, 0.785979, 0.571686, 0.590192, 0.795119, 0.857066, 0.800522, 0.821036, 1.30468
1.33038, 0.985401, 0.846158, 0.908052, 1.06209, 0.789673, 0.827528, 0.717008, 1.1363
0.554353, 0.83581, 1.17726, 0.622106, 1.12646, 0.69722, 0.312796, 0.308314, 0.936306
0.965924, 1.63255, 1.87197, 1.04158, 1.62084, 1.5461, 0.564558, 0.602011, 0.699942
0.81318, 1.09495, 1.31979, 1.79541, 1.90052, 1.78351, 1.90684, 2.36121, 1.14999
0.728726, 0.780878, 1.26585, 1.31835, 1.53452, 1.07453, 0.881356, 1.57281, 1.05884
0.989129, 1.12991, 0.926865, 0.970841, 1.41323, 1.00779, 0.940355, 0.695319, 1.01969
0.846743, 1.02183, 1.62025, 0.885007, 0.918498, 0.975715, 0.764206, 0.956767, 1.18644
0.665667, 1.09148, 0.875546, 0.9134, 1.1198, 1.27782, 1.19684, 1.19979, 1.31056
0.55087, 1.41585, 0.863052, 0.967168, 0.872759, 1.02039, 1.15157, 1.37161, 1.29338
0.569295, 0.907669, 0.782489, 0.782656, 1.38439, 1.41619, 1.38216, 1.05368, 1.50862
0.614296, 0.912656, 0.736501, 0.688277, 1.22202, 1.41917, 0.746949, 1.45898, 1.13862
1.00302, 0.75687, 0.730193, 0.504788, 1.155, 1.38082, 0.978595, 1.50761, 1.05244
1.17692, 1.24934, 0.972908, 0.805692, 1.20403, 1.07891, 0.581368, 1.03038, 1.32391
2.58085, 2.27218, 2.21423, 1.08166, 0.980154, 0.703141, 0.336427, 0.351459, 1.53556
2.42119, 3.26011, 2.88191, 0.906884, 1.05197, 0.943055, 0.433841, 0.32634, 2.1859
0.444895, 0.435359, 0.302556, 0.746704, 2.12977, 1.45804, 0.977932, 0.750449, 0.687068
0.366559, 0.48414, 1.11632, 1.3123, 1.73149, 1.55799, 1.54487, 1.3498, 1.05432
0.43368, 0.36223, 1.33989, 2.80651, 3.05458, 1.9357, 1.20994, 1.09726, 1.02888
1.60154, 1.0273, 0.792656, 1.00464, 1.99668, 1.82405, 1.48317, 2.07098, 2.73929
1.72043, 1.25431, 0.720234, 0.903123, 2.42434, 2.71066, 1.36637, 1.86239, 3.6779
0.876487, 0.951765, 0.782977, 1.36939, 1.5056, 1.27002, 1.1246, 1.32995, 1.53298
0.85505, 1.11803, 1.15846, 1.2034, 1.04947, 1.12603, 1.47232, 0.950353, 1.48096
0.788886, 1.05043, 0.977766, 0.931354, 1.18679, 1.30888, 1.65786, 1.54932, 1.24037
0.965338, 1.15843, 0.964667, 0.881045, 0.862929, 1.17193, 1.06811, 1.09828, 0.96966
1.06058, 0.786776, 0.743274, 0.556132, 0.967493, 1.24368, 1.3197, 1.03451, 0.635704
0.715257, 0.58229, 0.972427, 0.81003, 0.87791, 0.911613, 1.11285, 1.07747, 1.01713
0.909868, 1.08945, 0.972725, 1.03951, 1.66059, 1.40417, 0.88349, 1.08925, 2.33194
0.953802, 1.41032, 1.42033, 1.38882, 1.40442, 1.41006, 1.23347, 1.46172, 1.50649
0.774279, 0.886153, 1.21805, 1.48045, 1.69375, 1.81401, 0.934946, 1.28225, 1.1401
0.809966, 1.29355, 1.06587, 1.51398, 1.46194, 1.31043, 0.763159, 0.94803, 1.25851
0.72988, 1.02105, 1.35559, 1.14202, 1.04806, 1.03547, 0.4525, 0.560181, 0.897919
0.836023, 0.754444, 1.01148, 1.27425, 0.999568, 0.501105, 0.450598, 0.520866, 0.592365
1.38748, 0.988883, 0.769743, 0.881567, 0.971557, 1.00332, 0.747878, 0.690082, 0.869186
0.59148, 0.683027, 0.468828, 0.892941, 1.40973, 0.975481, 0.504723, 0.38693, 0.72821
0.892785, 1.34227, 1.36658, 0.894325, 1.12599, 0.943122, 0.922006, 0.875175, 0.792766
1.55501, 1.66762, 1.61022, 2.12116, 1.47382, 1.3623, 1.02951, 1.07597, 1.4047
0.95933, 1.12966, 0.894729, 1.11521, 1.22001, 1.05102, 0.783633, 1.5579, 1.67642
0.835948, 1.40518, 0.729114, 1.14268, 1.21978, 0.793405, 1.14386, 0.817146, 1.22783
0.926452, 1.1207, 0.729595, 0.891761, 0.769784, 0.815453, 1.05875, 1.28781, 1.65264
0.798093, 0.698745, 0.891702, 1.0907, 1.15249, 0.985809, 1.13664, 1.61236, 1.57263
0.818234, 1.31109, 0.903419, 0.999365, 1.30322, 0.727278, 0.850827, 0.969086, 0.935421
0.930503, 0.677787, 1.07095, 0.824368, 1.44627, 1.02699, 0.971918, 1.13244, 1.31864
0.613284, 0.899086, 1.06268, 0.97086, 2.06279, 1.81567, 0.856877, 1.30183, 1.30551
0.721994, 0.864311, 0.822634, 0.716278, 3.02663, 2.24739, 0.811594, 1.09097, 0.901515
0.550789, 0.842049, 1.33861, 1.11376, 3.3207, 2.32866, 0.448146, 0.283075, 0.996769
2.24688, 2.39541, 4.7817, 1.37674, 1.48867, 1.05368, 0.384825, 0.253293, 1.79265
1.3756, 1.89363, 2.38215, 1.22627, 1.44744, 1.2271, 0.838359, 0.423818, 1.14228
1.87851, 3.09777, 2.66686, 0.906783, 1.52519, 2.24494, 1.71567, 2.01909, 3.06594
2.47452, 2.89286, 3.5503, 2.59043, 2.20073, 1.80138, 1.15126, 1.75138, 3.06116
0.828568, 0.92631, 3.73328, 5.93253, 5.36991, 2.39927, 2.48395, 3.06614, 1.73374
1.26564, 1.0074, 0.947938, 1.5342, 4.9897, 3.89521, 1.15215, 1.95853, 2.49992
0.959265, 0.680855, 0.807088, 1.16298, 6.29726, 4.74188, 1.43029, 0.894883, 1.91057
2.30186, 1.5779, 0.850649, 0.783928, 6.88289, 5.21091, 2.36213, 1.70978, 1.6784
2.04351, 1.13397, 1.23871, 1.00697, 3.12666, 2.66364, 1.69235, 2.28007, 1.83494
1.03079, 1.34674, 1.52916, 0.985962, 1.71812, 1.59962, 1.12911, 1.20104, 1.96836
0.505052, 1.20821, 0.918604, 0.913078, 0.862955, 0.867695, 1.03517, 1.51705, 1.27161
0.930923, 0.898837, 0.596733, 0.748324, 0.751567, 1.10482, 1.1761, 1.32048, 1.32445
0.678582, 1.44679, 1.3294, 1.04201, 1.23555, 1.33218, 0.877353, 1.1877, 1.08734
0.833234, 1.12332, 1.57074, 1.26664, 0.917287, 1.58102, 1.34207, 1.41912, 1.54944
1.05196, 1.31937, 1.76643, 1.84878, 1.5712, 1.43192, 0.964568, 1.6975, 1.48287
1.11031, 1.13319, 1.21058, 1.21889, 1.46671, 1.2607, 1.33793, 1.49858, 1.71233
0.953645, 1.35371, 0.981739, 1.43553, 1.32541, 1.08052, 0.892426, 1.10662, 1.34025
0.443318, 0.638491, 0.848159, 1.15597, 1.15578, 0.959457, 0.748025, 0.783122, 0.679716
1.22421, 1.06326, 1.16691, 1.0243, 0.736407, 0.553434, 0.494796, 0.807322, 1.10695
1.28067, 0.883347, 0.699335, 0.84165, 0.67639, 1.44113, 1.61448, 1.52917, 1.4855
0.623893, 1.18043, 0.775066, 0.698687, 0.732081, 0.67098, 0.554728, 0.74608, 0.907265
1.00893, 1.881, 0.853174, 1.12526, 2.33228, 1.62137, 0.846077, 0.874799, 0.693648
1.05672, 1.02859, 1.61066, 1.56062, 1.78151, 1.72133, 1.50166, 1.02386, 1.16434
1.22834, 1.04994, 0.782495, 1.29564, 1.32924, 1.12333, 1.05646, 0.962499, 0.972164
0.714808, 1.0401, 1.40566, 1.25162, 1.33478, 0.885085, 0.675667, 0.632365, 0.767481
0.708087, 0.736844, 0.946117, 1.18022, 0.836593, 0.650535, 1.23492, 1.10146, 1.12023
0.560653, 0.479823, 1.22752, 0.989425, 0.900196, 0.92936, 1.69517, 1.43443, 1.44428
0.541599, 1.03305, 0.720661, 0.984325, 0.909724, 1.185, 1.57759, 0.93533, 1.27109
1.13129, 1.42941, 3.25753, 1.16495, 1.1151, 0.858869, 0.684614, 0.76771, 1.10719
0.692002, 1.85661, 4.79219, 3.29941, 3.62577, 1.64852, 0.416298, 0.486751, 0.508944
0.637481, 0.571748, 0.335571, 0.768542, 5.70504, 4.09009, 0.740033, 0.386733, 0.58684
0.338763, 0.299037, 1.34593, 1.52225, 5.51754, 3.71236, 0.590451, 0.586928, 0.495353
0.47913, 0.75978, 2.65536, 2.14751, 2.68776, 1.52419, 0.447991, 0.940988, 1.40493
0.8183, 0.962775, 0.839146, 1.23545, 1.58233, 1.20906, 1.60865, 3.04977, 3.38552
0.705058, 1.06363, 0.847016, 0.574286, 0.840967, 2.084, 2.43796, 2.43781, 2.22303
0.872528, 1.42883, 1.53385, 0.976322, 1.76569, 1.67201, 1.72711, 1.94271, 2.16721
1.69818, 1.45148, 4.94561, 2.52871, 1.93486, 2.46624, 2.00179, 2.91549, 2.90185
3.1689, 1.23746, 2.48325, 0.583956, 3.09768, 3.70042, 1.17717, 1.99157, 4.89263
2.47396, 1.9822, 2.63193, 0.980605, 4.8375, 3.04657, 1.41695, 0.970366, 4.89896
4.22915, 3.11038, 2.77215, 1.0294, 3.51113, 3.84099, 1.64255, 1.69245, 3.32673
2.15133, 2.50269, 3.85605, 2.85075, 4.22507, 4.42788, 1.23691, 1.45713, 3.99132
1.44314, 2.18329, 2.28612, 2.20111, 3.83309, 3.00519, 1.36059, 0.929756, 2.74842
1.05819, 1.53737, 1.12106, 0.881979, 1.26958, 0.908386, 0.863772, 1.15154, 2.35064
0.48637, 1.13923, 1.22934, 0.739007, 0.866524, 0.839062, 0.692606, 1.07996, 0.962862
1.03964, 1.06594, 1.21617, 1.17344, 0.891849, 1.18547, 0.932713, 0.916747, 1.29317
1.16168, 1.05316, 1.17049, 1.06077, 0.89148, 1.64682, 1.50655, 1.37802, 1.70956
1.21072, 1.10624, 1.44942, 2.21097, 1.59862, 1.73844, 0.879534, 1.13844, 0.812567
1.02758, 1.28313, 1.11004, 1.45139, 1.76897, 1.00527, 0.633769, 0.766875, 1.11758
1.38156, 1.38388, 1.08129, 1.29009, 1.56379, 1.05116, 0.97176, 0.802994, 1.00292
0.892392, 0.925291, 0.458294, 0.766063, 0.812944, 0.985232, 1.12025, 1.03724, 0.731607
0.9691, 0.905421, 0.880675, 0.779253, 0.656849, 0.622829, 0.956863, 1.14442, 1.15276
1.07345, 0.904341, 1.24708, 1.37693, 0.990968, 1.11185, 1.41564, 1.23953, 1.00745
0.395202, 0.985984, 0.885251, 0.974265, 0.778646, 1.34024, 0.629748, 0.878122, 0.70025
1.08667, 0.68442, 1.49458, 1.13893, 2.12701, 1.63367, 1.03078, 1.16703, 1.23675
1.50905, 1.39337, 1.34563, 1.49765, 1.37301, 1.52299, 1.25564, 0.977903, 1.05296
0.941559, 0.647396, 0.789476, 1.10512, 1.36513, 0.866394, 0.955466, 1.12761, 0.769064
0.901535, 0.9403, 0.924207, 1.22108, 1.04817, 0.933098, 0.608671, 0.608106, 0.812009
0.934923, 1.13486, 1.13759, 1.39461, 0.904041, 0.933749, 1.23031, 0.71651, 1.36744
0.568469, 1.05491, 1.36669, 1.14765, 1.25991, 1.10373, 1.46964, 1.14936, 0.631001
0.554308, 0.783064, 3.07628, 2.34517, 1.20926, 1.41268, 0.959436, 0.478235, 0.97196
0.509551, 0.915445, 8.95753, 3.32878, 0.632762, 0.814898, 0.712298, 0.679597, 0.60402
0.690457, 1.09806, 2.31191, 0.806006, 0.618853, 0.657364, 0.687051, 0.744878, 1.06422
0.983909, 0.578554, 0.802105, 0.570325, 0.502147, 0.623328, 0.626564, 0.637773, 0.917331
0.842363, 0.351901, 0.686266, 0.431747, 0.750066, 0.794341, 0.766552, 0.772341, 0.656535
0.707694, 0.566189, 0.876378, 0.928311, 0.810295, 0.895759, 0.409804, 1.26168, 2.08875
1.21131, 1.48684, 1.25085, 1.37805, 1.43555, 0.581782, 2.5894, 6.00571, 6.74606
0.612949, 1.09026, 1.16402, 0.936882, 0.860439, 1.33491, 2.63076, 2.69393, 2.12258
0.458955, 0.787799, 1.03892, 0.64817, 1.26486, 1.27355, 1.5376, 1.44968, 1.42927
2.42718, 2.50386, 4.4842, 2.31365, 1.34249, 1.47571, 0.927223, 1.21394, 4.02238
4.08824, 0.84572, 1.14642, 0.450005, 0.682332, 0.622481, 0.29345, 0.75476, 4.10855
1.11118, 0.584947, 0.41417, 0.325742, 1.33963, 0.847018, 0.599561, 0.40067, 0.8632
2.61413, 1.62019, 1.08627, 1.32166, 2.72253, 1.70879, 1.31881, 1.2568, 3.16142
1.62218, 1.33817, 2.78704, 4.21195, 7.06103, 6.22078, 1.30888, 1.78026, 3.33207
0.559757, 1.64701, 2.18232, 2.97422, 7.56887, 6.36181, 1.02024, 1.14247, 2.31209
1.3268, 1.38476, 0.884119, 0.864656, 1.73778, 1.85743, 0.692669, 1.10723, 3.44737
0.86574, 1.12471, 0.875141, 0.439257, 0.720045, 1.54301, 1.00529, 0.717955, 1.42321
0.970467, 1.62981, 1.89009, 1.45142, 1.37469, 0.924806, 0.527616, 0.598672, 1.43675
0.974931, 0.966976, 1.19626, 1.13392, 1.65689, 1.68907, 0.941124, 1.1893, 1.77258
0.955774, 0.854813, 1.28238, 1.77552, 1.57047, 1.55134, 1.58442, 1.4384, 1.33032
0.859993, 0.86918, 1.80672, 1.70332, 1.52766, 1.31297, 1.11636, 0.932819, 1.03621
1.19496, 0.988193, 0.91738, 1.3609, 1.47876, 1.08481, 0.848026, 0.797825, 0.955028
0.75131, 0.750459, 0.902008, 0.448096, 0.769296, 1.0148, 0.716194, 1.00861, 0.740254
0.958265, 1.10977, 1.02335, 0.778719, 0.843167, 1.02302, 0.652921, 1.41079, 0.784787
1.26576, 1.18839, 1.01473, 1.39184, 0.983257, 1.05053, 1.02314, 1.36413, 1.49169
0.200761, 0.446443, 0.655701, 0.511495, 1.07938, 1.02707, 0.959054, 1.40173, 1.36528
0.801137, 1.57499, 1.83221, 1.03738, 1.87434, 1.20833, 1.38354, 1.62202, 0.273809
1.52564, 2.15617, 1.13159, 1.43353, 1.70152, 1.60682, 1.7014, 1.18454, 1.71135
1.22605, 1.43953, 1.31048, 1.13913, 1.2295, 0.94791, 0.752986, 0.618687, 0.819542
0.973115, 1.23217, 0.869407, 0.749364, 1.21733, 1.12982, 0.897613, 0.891445, 0.769425
0.764366, 1.66807, 1.43131, 1.44991, 0.776831, 0.724236, 0.844348, 0.691416, 0.930303
0.512632, 1.32851, 5.21712, 2.76738, 0.827822, 0.620078, 0.786534, 0.895854, 1.30283
0.412317, 0.651938, 6.85036, 5.58425, 0.886442, 0.869672, 0.476629, 0.553622, 0.58506
0.500472, 0.398484, 2.32078, 1.73345, 0.675867, 0.632382, 0.812431, 1.11845, 0.711725
0.847042, 0.606937, 0.933873, 0.64598, 0.67007, 0.661414, 1.22417, 1.05724, 0.911778
0.869967, 0.570155, 0.943725, 0.689296, 0.484511, 0.641364, 1.05421, 0.888678, 0.788068
0.740283, 0.565586, 0.991401, 0.669018, 0.841418, 0.632264, 0.772732, 0.866413, 0.676196
0.792836, 1.02547, 0.804416, 0.533926, 0.681974, 0.750124, 1.00983, 0.873445, 0.695759
1.13164, 1.60714, 2.34454, 0.927827, 1.19125, 1.43917, 1.51044, 1.56784, 3.29353
1.14839, 1.51495, 3.0047, 1.23827, 1.48169, 1.17796, 1.19506, 0.920984, 1.68448
0.749879, 0.982486, 2.20218, 1.30441, 2.36844, 0.865239, 0.815218, 0.796094, 1.77876
1.66528, 1.67649, 2.06838, 1.94641, 2.95694, 1.16278, 1.7954, 3.67471, 6.37519
2.28244, 1.25189, 1.10194, 0.500677, 1.88395, 2.03114, 2.3568, 5.66315, 3.2721
1.82, 0.517116, 0.772284, 0.650042, 4.04252, 3.81907, 0.709672, 0.463088, 1.17909
1.51157, 0.479998, 0.984862, 0.817203, 3.5036, 2.63681, 0.919056, 0.716561, 3.16376
1.29749, 1.36479, 1.90499, 1.09012, 1.95446, 2.15672, 1.82168, 2.90681, 4.4324
0.46254, 1.09541, 1.28337, 1.13014, 2.45301, 2.24786, 0.711471, 0.893853, 1.18625
0.932779, 1.06986, 1.11511, 1.01803, 1.6551, 1.66055, 0.985777, 1.20985, 1.54803
0.78531, 1.45072, 1.347, 1.20547, 1.21729, 1.50262, 0.90104, 0.759308, 1.68988
0.772497, 1.48718, 1.89066, 1.84859, 1.06333, 1.06683, 0.510348, 1.09778, 1.6725
1.02812, 1.0513, 1.28523, 0.973055, 0.780869, 1.68301, 1.47031, 1.78162, 1.72018
1.07884, 1.02058, 1.27054, 1.91933, 1.09764, 1.25094, 2.26606, 1.90699, 1.47057
1.01671, 0.730605, 1.12714, 1.54771, 1.76249, 1.82085, 1.48254, 0.997924, 1.68076
1.62958, 1.1706, 0.550546, 0.796961, 1.1772, 1.10108, 0.76998, 0.752313, 1.4211
1.13266, 0.848516, 0.966033, 0.685861, 0.764965, 0.740683, 0.510426, 0.560756, 0.918842
0.953225, 0.945656, 0.980981, 0.973634, 0.924336, 1.0619, 0.909538, 1.24799, 0.922577
0.963196, 1.37317, 1.11493, 0.886405, 0.814262, 1.01331, 1.40117, 1.40564, 1.53826
0.509435, 0.602469, 0.366869, 0.489469, 1.31534, 1.26601, 0.935975, 0.742482, 0.502366
0.877941, 1.06852, 1.38268, 1.09732, 2.20815, 2.23782, 0.612859, 0.293336, 1.31763
1.42065, 1.80303, 1.88817, 1.59452, 1.69886, 2.55594, 1.38419, 0.573263, 1.17401
0.661911, 1.11701, 1.6547, 1.24404, 1.91201, 1.18263, 1.04603, 1.05552, 1.23233
1.48876, 0.746618, 0.567372, 1.07878, 1.86396, 1.36709, 0.995914, 0.587865, 1.25277
1.03634, 0.953757, 4.47566, 2.07798, 0.968764, 0.720223, 1.09862, 0.965438, 1.012
0.615514, 1.07564, 8.4007, 3.14281, 0.709738, 0.752064, 0.506594, 0.433282, 0.748665
0.544211, 0.817431, 1.47623, 1.42519, 0.547053, 0.547751, 0.698952, 0.500589, 0.642187
0.546175, 0.798033, 0.855858, 0.949759, 0.707841, 0.514682, 0.790435, 0.856495, 0.709305
0.706118, 1.05491, 1.07428, 0.912694, 1.28615, 0.807087, 0.478449, 0.532317, 0.938774
0.798892, 0.797455, 0.915883, 0.674271, 0.856673, 0.686783, 0.466789, 0.691842, 0.757026
0.781339, 0.832265, 0.524586, 0.8425, 0.772378, 0.761038, 0.932572, 0.954459, 0.55745
0.771955, 0.721963, 0.752095, 0.638571, 0.852631, 0.761021, 0.984208, 0.95582, 0.809455
1.42592, 1.09409, 1.47756, 1.24939, 1.49458, 1.39371, 0.523083, 0.58536, 1.33125
1.08466, 1.1491, 5.25056, 2.27605, 0.958704, 0.927997, 0.573851, 0.517917, 0.898991
0.828085, 1.85887, 9.93736, 4.7636, 2.66381, 0.622513, 0.42235, 0.379408, 0.493617
2.21462, 3.01587, 2.23786, 2.21629, 3.83735, 2.16479, 1.22808, 2.40851, 3.83498
2.66774, 1.53477, 4.03489, 2.12421, 6.00145, 4.62932, 1.13431, 3.55938, 3.45258
3.0735, 1.00712, 3.90584, 0.987885, 5.04873, 4.62894, 1.13705, 1.23138, 1.18666
3.54184, 3.47862, 6.20866, 1.88443, 3.01061, 2.26057, 1.03121, 0.926463, 4.00029
2.77383, 3.00587, 3.49354, 1.30542, 1.15159, 0.903449, 0.696481, 1.23576, 1.83606
1.16712, 0.614291, 0.692377, 1.22175, 1.30849, 1.01659, 1.36271, 1.59763, 1.53028
0.913025, 0.553199, 1.05144, 1.52502, 1.04862, 1.4851, 2.25517, 1.31281, 1.52974
0.86621, 1.22772, 1.59178, 0.904183, 0.985826, 1.51585, 1.47397, 1.02951, 1.84458
1.01838, 1.5438, 1.44903, 1.04168, 1.57312, 1.38337, 0.891233, 1.59081, 1.71838
0.732566, 0.986344, 1.22243, 1.3008, 1.18899, 1.8605, 2.02985, 2.48145, 1.3587
0.684657, 1.06505, 1.79615, 2.52736, 2.03883, 1.8202, 1.56791, 0.817334, 0.947818
1.29644, 1.4762, 1.19203, 1.30417, 1.51135, 1.46645, 1.41186, 0.852905, 1.76369
1.02661, 1.32199, 0.76998, 0.838079, 1.23011, 1.38796, 0.882404, 0.748287, 1.92572
0.89491, 0.797184, 0.817308, 0.538716, 0.845245, 0.72285, 0.663752, 0.661109, 0.740424
0.756382, 0.659701, 0.805217, 0.702214, 0.807336, 1.25677, 1.19233, 1.26686, 1.45143
0.563143, 0.676765, 0.726999, 1.07751, 1.44841, 1.50597, 1.6569, 1.10409, 1.08928
0.456366, 0.48771, 0.407379, 0.700913, 1.49516, 1.22725, 0.846728, 0.694535, 0.623935
0.895009, 0.768734, 1.31126, 1.44199, 2.18441, 2.45413, 0.388059, 0.498409, 1.44321
1.03336, 1.06432, 1.20976, 1.20002, 1.76776, 3.21381, 2.207, 0.915101, 1.47293
0.67094, 0.811021, 1.34377, 1.89837, 1.97375, 1.72806, 1.47228, 1.19071, 1.11128
1.25639, 1.90488, 3.23419, 1.85741, 1.11692, 1.14794, 0.885525, 0.539013, 1.23949
1.20066, 2.41976, 7.09008, 1.6479, 0.511317, 0.720216, 0.749146, 1.43478, 1.59933
0.586434, 0.584138, 1.33993, 0.799412, 0.747956, 1.00347, 0.900724, 0.862397, 0.821277
0.746346, 0.517845, 0.548716, 0.760999, 0.652911, 0.898483, 1.00207, 0.703724, 0.788461
0.867808, 0.591174, 0.633957, 0.794467, 1.13122, 0.770233, 0.628716, 0.798713, 0.900147
0.62742, 0.699684, 0.758768, 0.691544, 0.755781, 0.707417, 1.04774, 0.731432, 1.30758
0.589047, 0.825756, 1.52486, 0.873348, 0.749638, 0.644236, 0.841217, 0.802176, 1.13807
0.839841, 0.793486, 0.585519, 0.605232, 1.24203, 0.756327, 0.818018, 0.916723, 0.981877
1.02533, 0.747485, 0.752863, 0.516661, 0.807187, 0.456583, 0.815787, 0.925606, 0.959117
0.582754, 0.587663, 3.33672, 1.73069, 1.04814, 0.65241, 0.661085, 0.641688, 0.925755
0.47467, 1.25747, 11.4623, 4.17353, 0.554365, 0.425692, 0.755571, 0.509741, 0.699453
0.855992, 0.87106, 3.34609, 1.90695, 0.579511, 0.929539, 0.793138, 0.755072, 0.916359
1.2886, 1.28768, 0.609066, 0.971777, 0.910592, 1.69177, 1.36497, 2.07025, 3.13114
1.97135, 1.46469, 2.93826, 1.92721, 3.96454, 3.86777, 3.05278, 3.71297, 3.27136
1.76539, 1.40858, 5.25252, 2.42103, 3.90596, 3.33662, 1.80511, 1.97902, 0.662032
2.47391, 3.60475, 9.15691, 3.36022, 1.23362, 0.727075, 0.612686, 1.15276, 1.11507
2.26754, 2.3757, 3.49439, 1.36322, 1.17724, 1.11104, 0.770479, 1.25834, 1.25698
1.24961, 0.9163, 0.744312, 0.54329, 1.85079, 2.0993, 2.00113, 1.21148, 1.19498
0.96312, 0.950916, 1.11886, 1.40039, 1.4724, 1.97006, 1.89517, 1.27004, 1.23716
1.22629, 1.00976, 1.18926, 1.23915, 2.04441, 1.63846, 1.04935, 1.46796, 1.49316
1.03602, 0.945561, 0.981832, 1.22643, 1.62483, 1.7904, 1.56699, 1.16265, 1.19941
0.859348, 0.860104, 0.704176, 1.30413, 1.26201, 1.51563, 1.30187, 1.54314, 1.00826
0.975136, 1.04699, 1.12697, 1.5258, 1.1224, 1.50982, 1.89181, 0.842911, 1.58777
1.51067, 0.637114, 1.07614, 1.25973, 1.72999, 1.37493, 2.253, 1.72778, 2.37553
0.979104, 0.644369, 0.698634, 0.642188, 1.43683, 1.56539, 0.899037, 1.35507, 1.64315
0.717113, 0.41335, 0.458058, 0.604239, 0.804157, 0.926791, 0.726349, 0.695062, 0.763639
0.854909, 0.791734, 1.04959, 0.715122, 0.909268, 1.0982, 1.20396, 1.25792, 1.56612
0.830116, 0.700404, 0.926893, 1.0578, 1.34641, 1.15967, 1.20869, 0.970587, 1.28771
0.46586, 0.565892, 0.649588, 0.629862, 1.76164, 1.18474, 0.583974, 0.639189, 1.13764
1.32911, 1.39418, 1.1642, 0.929251, 1.85415, 1.77107, 0.377119, 0.622252, 1.12994
1.03864, 1.04859, 1.82678, 2.35927, 2.18955, 1.51029, 0.966559, 0.804176, 1.42343
1.0328, 1.54551, 1.59389, 1.9288, 1.85074, 1.89473, 0.978494, 1.30661, 0.935447
1.38453, 1.96993, 2.40044, 1.4235, 1.40069, 1.74936, 1.31402, 1.21037, 1.45652
1.19154, 1.27692, 1.23526, 0.781894, 1.19573, 0.976976, 1.73637, 2.52012, 2.70708
0.593881, 0.539309, 1.01965, 1.13258, 1.57295, 1.01899, 0.728746, 0.86207, 0.381858
0.468931, 0.680662, 1.0212, 1.08936, 0.972237, 0.787895, 0.733526, 0.447477, 0.895728
0.659589, 0.537486, 0.599332, 0.874485, 1.0755, 1.00517, 0.333729, 0.62169, 0.703434
0.83207, 0.562438, 0.683403, 0.702356, 1.10776, 0.742461, 0.599436, 0.62199, 1.00166
0.752537, 0.945963, 1.21264, 0.683604, 0.701778, 0.778996, 0.85546, 0.728355, 0.740641
0.944164, 0.856362, 1.03498, 0.588851, 0.729514, 0.793991, 1.13003, 1.1863, 0.688715
1.12545, 1.19054, 1.97211, 1.29087, 1.04911, 0.751369, 0.634144, 0.958454, 0.754676
0.703443, 1.67505, 11.0293, 4.61088, 0.908487, 0.702991, 0.579153, 0.623494, 0.602466
0.826986, 0.915391, 3.95673, 1.60504, 0.608838, 0.917571, 0.638281, 0.826289, 0.780658
1.01255, 0.608635, 0.805913, 0.641679, 0.686003, 0.769428, 0.615589, 0.860395, 0.967872
1.4716, 1.46139, 1.06006, 0.857211, 1.3708, 1.4457, 0.669863, 0.485174, 1.5498
3.13664, 2.21286, 2.59407, 1.93701, 3.54634, 3.0312, 1.15067, 0.95174, 2.64485
0.667018, 0.709856, 1.0968, 1.50916, 3.57021, 2.79592, 1.85048, 1.70148, 1.45666
1.12531, 1.09939, 1.27799, 1.40368, 1.39937, 1.00463, 1.30107, 3.34832, 2.78585
1.51161, 1.90624, 1.70076, 1.38916, 1.37405, 0.971233, 1.48685, 2.38078, 2.20683
0.90235, 1.369, 1.60459, 1.15417, 1.1088, 1.54678, 1.91132, 1.04842, 1.49226
0.554858, 1.64255, 2.06504, 1.7571, 1.73268, 1.43545, 1.06827, 0.804065, 1.28264
0.831266, 1.21715, 1.34841, 2.12202, 2.6679, 1.78275, 0.902685, 0.539398, 0.622082
0.935805, 0.695644, 1.42938, 1.83552, 1.84233, 1.89226, 2.09906, 1.0421, 0.888417
1.53043, 1.6511, 1.55672, 2.09642, 1.80215, 2.03175, 2.28778, 1.3476, 1.21084
1.30296, 1.57906, 1.41584, 1.4861, 1.51047, 2.08939, 2.00073, 0.977784, 1.95964
1.00225, 1.1019, 2.21295, 1.75272, 1.6217, 1.2732, 1.3887, 0.83543, 1.39894
1.09634, 1.04134, 0.98784, 1.06281, 1.25314, 1.07284, 0.816206, 1.09214, 1.37254
0.901738, 0.559487, 0.588743, 0.676206, 0.594102, 0.561347, 0.689098, 0.742879, 0.555726
0.899993, 0.724561, 0.710207, 1.05142, 0.798442, 0.632271, 1.10552, 0.917908, 1.06308
1.08415, 1.09784, 1.02454, 1.22347, 0.724204, 0.958237, 1.40293, 1.00472, 0.946638
1.1661, 0.452059, 0.336411, 0.557679, 1.79033, 1.25932, 0.77697, 0.47253, 0.362321
0.796954, 1.10115, 2.20601, 1.2182, 2.43679, 1.31407, 0.513816, 0.666282, 1.02482
1.16983, 1.12779, 1.55278, 2.13707, 2.08863, 1.3321, 2.22042, 1.54076, 1.37852
1.36721, 1.35169, 1.78988, 1.52975, 1.83528, 1.81682, 1.1831, 0.899971, 0.780954
1.59405, 1.74629, 1.89723, 1.75485, 2.07867, 1.51198, 1.55328, 1.72421, 0.841414
0.878302, 0.83191, 0.946025, 0.860077, 1.03641, 0.637474, 4.5772, 5.95982, 1.39259
0.630223, 0.520409, 0.741444, 0.777525, 1.42784, 1.03892, 2.67778, 3.30794, 0.421532
0.560742, 0.863635, 0.774885, 0.85827, 1.05399, 0.93719, 0.962366, 0.610113, 0.967434
0.528334, 0.619401, 0.763028, 0.709081, 1.00405, 0.909641, 0.498814, 0.628714, 0.854625
0.787798, 0.83027, 0.66441, 0.575859, 1.36165, 0.841123, 0.633561, 0.721694, 0.73637
0.699879, 0.83116, 0.71198, 0.744875, 1.00033, 0.58724, 0.796812, 0.486688, 0.49776
0.697797, 0.854004, 0.901169, 0.973698, 0.932576, 0.573056, 0.714128, 0.577423, 0.595549
0.91332, 1.01239, 1.64223, 1.72892, 1.08453, 0.971914, 0.761803, 0.600776, 0.694285
1.21489, 1.04951, 2.10781, 1.40265, 0.970052, 0.887265, 0.66921, 0.693033, 0.500657
0.760927, 0.710228, 0.474585, 0.578809, 0.814473, 0.899343, 1.03305, 1.08475, 0.748
0.558821, 0.52635, 0.536671, 0.683397, 1.12162, 0.771913, 0.690918, 1.02193, 0.757462
1.5675, 1.25558, 1.71392, 1.55976, 1.31447, 1.32175, 0.702705, 0.623661, 1.37996
3.37198, 2.53147, 2.89638, 2.2395, 2.52182, 2.97131, 1.25608, 1.3756, 3.43477
1.74434, 1.24923, 2.00365, 1.25378, 2.38817, 2.20908, 2.04586, 1.66009, 3.68087
1.68652, 1.2351, 4.5498, 1.80171, 0.909547, 0.849781, 1.19033, 1.14546, 2.34128
1.4289, 2.07651, 2.15484, 1.50177, 1.53218, 1.5246, 0.807438, 0.975148, 1.63066
0.651021, 1.16228, 1.39021, 1.71863, 1.32468, 1.21547, 0.974843, 0.918852, 1.0021
0.774103, 0.893352, 1.08118, 2.13613, 2.11956, 1.52065, 1.23892, 0.639448, 0.865961
1.04391, 1.41285, 1.58663, 2.16856, 1.96098, 1.36742, 0.659761, 0.402798, 0.653
1.40317, 1.59255, 1.85204, 2.05106, 1.79002, 1.18358, 0.940813, 1.66855, 1.76429
1.27492, 1.10992, 1.09001, 1.45921, 2.62912, 2.53455, 1.52088, 0.83978, 1.96302
0.64583, 1.48566, 1.77441, 1.05929, 1.28988, 1.45765, 1.3905, 0.949989, 2.2406
0.899209, 1.86481, 1.46837, 1.08592, 1.26974, 1.03963, 1.10716, 0.806424, 0.978108
0.753458, 0.986407, 1.52248, 1.12524, 1.1875, 1.04711, 1.49186, 0.966486, 1.84417
0.723538, 0.717988, 0.80494, 0.826469, 0.760804, 0.616402, 0.776168, 0.515221, 1.17622
1.10477, 0.869267, 0.516067, 0.713143, 0.898268, 1.09945, 1.2741, 0.746725, 1.16165
0.761339, 1.21526, 0.792552, 0.843088, 0.956371, 1.05705, 1.63616, 1.04627, 1.0159
0.503115, 0.866289, 0.687328, 0.537542, 1.40114, 1.1344, 0.795658, 0.467017, 0.378853
1.16269, 1.46775, 2.31122, 1.22034, 1.99766, 1.37417, 0.700321, 0.585402, 0.587725
1.63663, 1.03153, 1.3637, 1.76142, 1.63685, 1.21038, 1.54701, 2.23543, 2.23109
1.08312, 0.869149, 1.53386, 1.05225, 1.3226, 1.52088, 0.927603, 1.65764, 1.65816
0.699697, 1.28044, 1.35653, 1.88738, 1.86147, 1.35254, 1.33402, 1.51772, 1.42725
0.616214, 0.901772, 1.59216, 1.41266, 1.46242, 1.28187, 1.9829, 2.321, 1.55061
2.82312, 3.0604, 1.22849, 0.546744, 0.722894, 1.11969, 2.9942, 3.40656, 1.56742
1.13915, 1.12332, 0.80809, 0.728381, 1.02737, 1.02846, 1.16353, 0.712777, 0.476752
0.856173, 0.560005, 0.757715, 0.867056, 1.24609, 0.829939, 0.576157, 0.818237, 0.58808
0.703755, 0.724552, 0.522997, 0.872001, 1.19871, 1.04618, 0.719075, 0.957411, 0.84537
0.613831, 0.641331, 0.828586, 0.764661, 1.08094, 0.778957, 0.798851, 0.896538, 0.987812
0.863512, 0.490806, 0.553254, 0.562871, 0.756076, 0.647714, 0.34859, 0.34753, 0.787661
0.264722, 0.543664, 0.482957, 0.414507, 0.954932, 0.721304, 0.644867, 0.279806, 0.44256
0.636062, 0.853228, 0.707093, 0.893142, 0.900409, 0.796637, 0.705553, 0.691926, 0.477731
0.975827, 0.888348, 0.743428, 0.83795, 0.523093, 0.654134, 0.583417, 0.804927, 0.787359
0.668684, 0.997148, 0.668801, 0.799026, 0.942418, 0.970451, 0.795816, 1.29118, 1.06564
2.29105, 1.3755, 0.77674, 1.28935, 1.30002, 1.05391, 1.08096, 0.37716, 0.844763
8.84796, 2.71164, 3.03023, 1.37016, 1.02641, 0.988625, 0.803086, 0.421684, 2.99148
3.33303, 1.33824, 2.95887, 1.86814, 1.14709, 1.71867, 1.27828, 1.71449, 5.0647
1.03372, 1.23013, 1.23605, 0.888379, 0.636032, 1.38955, 1.74473, 4.83271, 6.10363
1.06042, 1.62655, 1.61374, 0.941234, 1.24059, 1.46188, 1.22942, 2.50894, 2.49192
1.03755, 1.04728, 1.26752, 1.41845, 1.90371, 1.9461, 0.88154, 1.06597, 1.17233
1.25154, 0.983474, 0.900794, 1.30125, 1.8331, 1.29274, 1.45572, 1.50258, 1.7374
0.784263, 1.02673, 0.979144, 1.69034, 2.04119, 1.61833, 1.33962, 1.34203, 1.31375
1.88349, 1.97839, 1.1197, 1.27564, 1.46767, 0.99076, 1.21471, 1.02831, 2.99487
2.04745, 1.48265, 0.464172, 0.371649, 0.71753, 0.80359, 0.572985, 0.863308, 3.10546
1.35592, 1.42765, 1.94837, 1.13456, 1.25054, 1.72371, 0.958282, 1.16274, 2.07586
0.967445, 1.37144, 1.43907, 1.34538, 1.70367, 1.80563, 2.11571, 1.36293, 1.09037
1.25192, 1.82282, 1.25589, 1.62072, 1.36832, 1.01546, 0.90826, 0.68929, 0.825453
0.976962, 0.8318, 0.697452, 1.06512, 0.774643, 1.06958, 0.905982, 0.664588, 1.22873
0.556585, 0.888653, 0.640063, 0.787213, 1.00777, 1.33266, 0.711238, 0.826436, 1.19087
0.963989, 1.50733, 1.65379, 1.38556, 1.00258, 1.28919, 1.33728, 0.728348, 1.05914
0.384858, 0.606342, 0.861049, 0.5386, 0.969423, 1.36968, 0.661192, 0.56555, 0.674027
0.940944, 0.965687, 1.15517, 1.48667, 2.3541, 2.0189, 0.910001, 0.763464, 0.439436
1.65894, 0.9759, 1.44603, 1.75494, 1.27616, 1.46218, 0.974693, 1.22023, 1.60246
0.760087, 0.897495, 1.40768, 1.54245, 1.29301, 1.99875, 1.14935, 1.34312, 1.32896
1.00122, 0.798402, 1.01712, 1.39865, 2.23018, 1.44453, 1.1294, 1.04248, 1.44869
1.05823, 1.1318, 0.910923, 1.2921, 1.87151, 1.6018, 0.777588, 0.832703, 1.95801
3.99707, 4.64431, 2.60101, 0.77918, 1.23556, 1.00516, 0.630384, 0.395772, 2.29429
1.03772, 0.848658, 0.432197, 0.588335, 1.20632, 1.35944, 0.830759, 0.465776, 0.283359
0.667189, 0.363926, 0.622575, 0.584354, 0.934685, 0.925178, 0.763461, 0.959545, 0.722948
0.361408, 0.605354, 0.942745, 0.894816, 1.31461, 1.01133, 0.786778, 0.748942, 0.678641
0.578024, 0.51889, 0.606756, 0.685611, 0.902071, 0.874226, 1.07279, 0.743986, 0.759663
0.83244, 0.56131, 0.821723, 0.763074, 0.951469, 0.798632, 0.872943, 0.774333, 0.60202
0.181321, 0.277998, 0.334538, 0.371018, 1.20905, 0.995687, 1.58916, 0.810143, 1.02415
0.406767, 0.658044, 0.463401, 0.57354, 0.822434, 0.830934, 1.04089, 0.960325, 0.87634
1.21467, 2.20171, 1.44332, 0.648321, 0.757097, 0.745039, 0.522352, 0.904811, 0.76121
0.888066, 2.52414, 1.97029, 0.688442, 0.770638, 1.67636, 4.83836, 3.97152, 1.19231
3.90673, 3.12415, 1.04002, 1.22153, 2.11407, 1.12427, 1.77848, 1.00808, 1.62966
13.1536, 2.50077, 1.58849, 1.13653, 0.738538, 0.405585, 0.291148, 0.244109, 5.99197
5.72309, 1.48412, 3.25279, 1.98001, 0.61557, 0.531062, 0.918667, 1.58184, 5.77502
0.768865, 1.4358, 1.15592, 1.0238, 0.56546, 0.774088, 1.90576, 6.28414, 5.72692
0.784353, 1.10946, 1.07005, 1.08315, 0.87053, 1.27394, 1.5214, 4.07659, 3.87856
0.620749, 1.09188, 1.18165, 1.06801, 1.31725, 2.05734, 1.50308, 1.58099, 1.33604
0.559053, 0.892326, 0.538156, 0.671565, 1.1904, 1.54113, 1.70041, 2.26295, 2.59453
0.53161, 0.63923, 0.861759, 0.885007, 1.34369, 1.5723, 1.60105, 1.66783, 2.39467
1.02404, 1.5546, 1.11928, 0.586603, 0.926499, 1.37691, 1.42732, 1.55889, 3.17041
1.95516, 1.51339, 1.10627, 0.649681, 0.67594, 0.647581, 0.511985, 1.1729, 2.92587
2.06546, 1.68227, 0.88067, 0.587941, 0.976495, 1.2221, 0.694202, 1.39826, 2.15113
0.895158, 2.37466, 0.975975, 0.971867, 1.62884, 1.55122, 1.43321, 1.00617, 1.2936
0.680274, 1.96397, 1.97911, 1.89037, 2.05888, 1.44642, 0.832272, 0.863597, 1.19934
1.1616, 0.928635, 0.772172, 1.34756, 1.85419, 1.87658, 1.77713, 1.21412, 1.1892
0.816708, 0.976104, 1.01055, 0.884555, 0.66967, 0.71851, 0.887701, 0.911458, 1.14133
0.888133, 1.03545, 1.55011, 1.27776, 0.850692, 1.01513, 1.18942, 1.01081, 0.821906
0.395193, 0.574803, 0.700883, 0.928756, 1.51103, 0.811632, 0.938633, 0.50967, 0.702681
0.359637, 0.281091, 0.380561, 1.09646, 1.72507, 1.9798, 1.41633, 1.19302, 0.691572
1.35524, 1.13085, 1.13219, 1.24728, 2.02509, 2.26498, 1.39298, 1.26851, 0.819537
1.46433, 1.2433, 1.47459, 1.26785, 1.68993, 1.66007, 1.14246, 1.0122, 0.938489
1.01919, 1.24305, 1.02254, 1.25217, 1.53928, 1.77305, 1.84981, 1.23656, 2.00118
1.07919, 2.31075, 3.07314, 1.38537, 1.08013, 1.30644, 1.27841, 1.30607, 2.13093
1.76561, 3.99632, 5.84257, 1.46669, 0.763748, 0.621126, 0.276829, 0.661017, 1.35337
0.85038, 1.15551, 0.979676, 0.633802, 0.503344, 0.626776, 0.883689, 0.936544, 0.920263
0.883197, 0.542692, 0.634158, 0.565985, 0.680194, 0.736683, 1.1774, 1.09431, 0.942953
0.501639, 0.51197, 0.726299, 0.695686, 1.27299, 1.08339, 0.651541, 0.950213, 0.525275
0.794519, 0.696791, 0.522009, 0.761068, 1.1168, 0.941457, 0.869088, 0.749606, 0.428292
0.594924, 0.645751, 0.665735, 0.544613, 0.85686, 0.843711, 0.8157, 1.23918, 0.51088
0.37627, 0.385396, 0.498497, 0.674428, 0.699731, 1.04895, 1.31289, 1.19479, 0.849497
0.58026, 0.555387, 1.13531, 1.06508, 0.851729, 0.754406, 0.603358, 0.650799, 0.764622
2.33392, 3.94977, 3.73987, 1.04579, 0.985463, 0.797752, 0.43554, 0.354064, 1.16766
2.26636, 4.03198, 2.50881, 1.08264, 1.21186, 1.19005, 1.87179, 1.31476, 2.68068
6.89151, 7.14851, 1.98623, 1.36274, 1.9713, 0.730124, 1.0118, 0.799243, 4.37988
13.4439, 3.75704, 0.699097, 0.387443, 0.336036, 0.340982, 0.485136, 0.299398, 9.39585
4.55986, 1.76605, 0.945812, 1.09153, 0.787759, 0.846604, 0.949838, 1.50483, 6.01819
1.36565, 1.61816, 1.82659, 3.36839, 0.931805, 0.478637, 1.30222, 4.46319, 3.61832
0.345795, 1.18335, 0.826318, 1.00197, 1.08893, 0.972282, 2.09494, 7.40896, 4.88147
0.546605, 0.607212, 0.724729, 0.778374, 1.94387, 2.29728, 1.0583, 2.28241, 1.92346
0.608056, 0.334428, 0.590956, 0.791336, 1.17885, 2.42346, 2.52019, 2.10975, 2.28014
0.381126, 0.344818, 0.93995, 1.53068, 3.5286, 2.74936, 2.45624, 1.54651, 1.31491
1.06008, 1.62707, 1.21139, 1.17752, 1.74139, 1.11295, 1.32908, 2.29362, 2.37909
1.63491, 1.45243, 0.765559, 0.852109, 1.1035, 1.12112, 0.718302, 1.10714, 3.09109
2.07361, 1.83403, 0.972745, 0.860298, 1.44314, 1.3303, 0.377435, 1.35324, 1.87411
1.05684, 1.60346, 1.32491, 1.13511, 1.62984, 2.11668, 1.01093, 0.785163, 1.29538
0.536193, 0.95318, 0.843758, 1.03787, 1.39907, 2.40911, 1.42425, 1.22432, 1.84519
1.00049, 0.899734, 0.989244, 1.43584, 1.40477, 1.50132, 0.937212, 1.09783, 2.02307
0.801723, 1.05057, 0.808612, 1.02521, 0.820915, 0.808022, 0.908064, 1.04944, 1.30459
0.453001, 1.01268, 1.25849, 0.873632, 1.25741, 1.45896, 1.40643, 1.87101, 1.51196
0.392334, 0.640967, 0.57911, 0.798884, 1.06768, 0.879377, 0.912955, 1.12451, 0.96736
0.0746244, 0.293564, 0.643061, 1.173, 1.65899, 1.6582, 1.19074, 0.568597, 0.24839
0.774057, 1.20839, 0.873731, 1.27343, 2.42249, 1.55227, 1.82807, 1.61656, 0.757363
1.10252, 1.29974, 1.71126, 1.30546, 1.81763, 1.99242, 1.49235, 2.39301, 1.47587
0.70795, 0.63345, 1.7942, 2.13973, 2.12588, 2.18226, 1.25606, 1.15141, 1.7787
1.49383, 3.11581, 5.5084, 0.975961, 1.51249, 1.2867, 0.84675, 1.19246, 1.26277
1.18845, 1.43671, 2.44135, 0.82745, 0.403904, 0.457216, 0.552816, 1.11825, 1.06072
0.761097, 0.852651, 1.39109, 1.0461, 0.652731, 0.837553, 0.583424, 0.593842, 0.661115
0.709164, 0.685531, 1.03226, 0.949935, 0.887547, 0.539423, 0.620168, 0.863512, 0.603396
0.58793, 0.730386, 0.508114, 0.548954, 0.835213, 0.910786, 0.736112, 1.35304, 0.791562
0.659128, 1.04344, 0.750248, 0.777673, 0.877588, 0.727356, 0.60446, 0.603621, 0.591772
0.9531, 0.835251, 0.452472, 0.501614, 0.779554, 0.749812, 0.871425, 0.828821, 1.09253
1.03767, 0.780352, 0.68511, 0.787812, 0.514332, 0.882757, 1.11068, 0.708407, 1.10911
1.33003, 2.32383, 1.87328, 0.629692, 0.676693, 0.482008, 0.469947, 0.60332, 0.848257
2.34935, 4.79899, 5.49469, 0.961407, 1.79939, 2.02798, 1.31311, 0.596001, 0.947672
4.04554, 4.95946, 2.43603, 1.80958, 3.2367, 2.47783, 1.08861, 0.368751, 1.90618
8.05336, 8.36155, 2.38513, 1.65149, 2.59875, 0.535268, 0.337704, 0.220074, 5.81046
13.0621, 3.07443, 0.639469, 0.301114, 0.201391, 0.192738, 0.197559, 0.210539, 9.76526
4.81011, 3.24622, 0.849371, 0.762245, 0.81305, 0.745141, 0.839606, 1.68918, 6.37381
1.16797, 1.76322, 1.09788, 1.01592, 1.31069, 1.1416, 1.31592, 1.67649, 3.05458
0.816356, 0.820771, 0.344337, 0.398853, 1.49439, 1.25552, 2.33133, 5.39542, 5.3658
1.317, 1.06965, 1.30941, 2.3189, 3.74327, 2.17354, 1.30273, 3.5649, 3.71622
0.481205, 0.640755, 0.718345, 1.36561, 2.03336, 2.20433, 1.57848, 1.03004, 1.49174
0.240191, 0.39012, 0.639114, 1.01891, 3.38273, 2.88841, 2.13181, 1.50686, 1.37425
1.06119, 1.22158, 1.11979, 1.02552, 1.83742, 1.736, 2.29033, 2.57245, 2.57074
1.57461, 1.52339, 0.954068, 0.99134, 2.06917, 1.19841, 0.512977, 0.93406, 2.30089
2.42811, 1.78852, 0.864735, 0.783412, 1.3949, 1.02777, 0.623877, 0.930541, 1.5427
1.54751, 0.996154, 0.794731, 0.803978, 1.39111, 1.44388, 0.950545, 0.670669, 1.746
1.1554, 0.977399, 0.804202, 1.12408, 1.39731, 1.7056, 1.12098, 0.938996, 2.42202
0.762635, 0.91648, 1.0448, 1.79345, 1.19221, 1.35981, 0.763119, 0.959311, 1.87188
0.987178, 0.733464, 0.555181, 1.32409, 1.75581, 1.66374, 1.66936, 0.813169, 0.996388
0.588761, 1.08115, 1.27619, 1.8332, 2.21509, 1.4081, 1.30884, 0.724872, 0.912892
0.417098, 0.704211, 0.809769, 0.704848, 2.11022, 1.943, 0.77774, 0.623607, 0.577408
0.469166, 0.389507, 0.446289, 0.841623, 1.154, 1.68233, 0.806226, 0.55879, 1.20436
0.612068, 1.244, 1.62353, 2.71053, 5.09595, 2.2222, 1.13718, 1.27531, 1.9561
0.9847, 1.56511, 0.993676, 1.96067, 3.31816, 3.50705, 1.58403, 1.04035, 0.803835
0.978167, 1.49874, 1.64277, 2.02663, 3.01762, 3.67097, 1.1909, 0.616177, 1.21732
1.31837, 2.34591, 2.85214, 0.966131, 2.12489, 1.40017, 0.672021, 0.903744, 1.28693
1.00161, 0.801602, 0.597278, 0.438576, 0.47674, 0.681766, 0.412555, 0.983174, 0.920264
0.722169, 0.621406, 0.999044, 0.8857, 0.5847, 0.863835, 0.686733, 1.031, 1.1447
0.79177, 0.893105, 0.844403, 0.758072, 0.825002, 0.986281, 0.851875, 0.74143, 0.873805
0.907486, 0.772838, 0.735323, 0.420992, 0.820366, 0.813576, 1.21133, 1.17793, 1.06885
0.653367, 0.768786, 1.16478, 1.14695, 0.899703, 0.702851, 0.92617, 0.667217, 0.687844
0.797361, 0.783104, 0.776546, 0.669097, 0.865521, 0.982333, 1.02399, 0.942248, 0.979929
1.07603, 0.719253, 0.751035, 1.08887, 0.92807, 0.620805, 0.777352, 0.861587, 0.92123
2.01001, 1.80375, 1.49689, 0.828546, 1.16455, 1.024, 0.683902, 1.36425, 1.57309
2.41185, 1.74539, 2.35196, 0.36266, 6.19769, 4.41555, 0.45314, 0.63809, 1.04244
6.4741, 4.76394, 2.96699, 0.788959, 4.15726, 2.31871, 0.527377, 0.102328, 2.04941
8.6512, 6.37949, 1.8212, 1.69903, 4.60997, 1.81793, 0.396373, 0.513534, 5.40426
11.0719, 2.01977, 0.467787, 0.793642, 1.92268, 1.07774, 0.300595, 0.270928, 9.80741
4.14711, 1.80422, 0.481977, 0.76723, 3.58642, 4.09536, 2.16822, 0.61388, 5.07832
1.52072, 1.1584, 0.578334, 1.37343, 4.37529, 4.5158, 3.8238, 1.86432, 2.11586
1.95753, 1.01168, 0.496084, 1.44817, 2.14254, 2.11504, 3.85517, 5.01495, 5.24892
0.968623, 0.672008, 0.997112, 0.989761, 2.63405, 2.24814, 2.3012, 6.72293, 4.42613
0.962331, 0.50727, 1.50653, 3.01836, 4.77496, 4.79298, 2.17705, 0.830901, 1.33388
1.1514, 0.645459, 1.70487, 3.04155, 3.92286, 4.11021, 3.39588, 1.206, 1.65669
1.56233, 1.36891, 2.73437, 2.40298, 4.02487, 3.30922, 2.14811, 1.56192, 2.0671
0.645537, 1.10961, 1.49909, 1.81553, 4.11831, 3.17232, 1.55492, 0.915006, 1.12522
0.76122, 1.22949, 1.87612, 1.27249, 2.40803, 2.56169, 2.20704, 0.878804, 0.46484
0.884645, 1.14155, 1.25447, 1.48733, 1.94925, 1.95308, 0.749467, 0.65499, 0.669979
0.690739, 0.662285, 0.631349, 1.74262, 2.39625, 1.72052, 1.15207, 1.01377, 1.15286
0.57806, 0.700074, 1.15503, 2.28096, 3.39406, 1.81678, 0.845747, 0.924415, 1.22551
0.331731, 0.457389, 0.677563, 3.34969, 3.69195, 2.52872, 2.59875, 1.2128, 0.823004
0.422434, 0.764405, 0.679464, 1.93132, 4.04521, 2.6266, 1.33059, 0.950638, 1.46713
0.272421, 0.52826, 0.860392, 1.18824, 3.84142, 3.16875, 1.17038, 0.606591, 0.189029
0.182696, 0.389015, 0.39055, 0.53012, 1.47536, 1.47795, 0.541234, 0.245765, 0.235613
0.142497, 0.394699, 0.527761, 1.02973, 3.09481, 1.71849, 0.758296, 0.539598, 0.673481
0.194368, 0.225705, 0.226019, 0.737917, 2.12388, 1.9839, 0.899028, 0.338562, 0.28524
0.572036, 1.10057, 0.626403, 0.609811, 1.52402, 1.68857, 0.600492, 0.316821, 0.82288
1.19763, 0.971612, 0.993049, 0.598349, 0.484843, 0.497596, 0.649813, 0.638639, 1.15493
1.0794, 0.42679, 0.696805, 0.577625, 0.393336, 0.695933, 0.692946, 1.07226, 1.36654
0.710715, 0.600585, 0.928839, 0.661965, 0.607863, 0.777085, 0.849461, 1.05527, 1.13183
0.965189, 0.844016, 0.898293, 0.493739, 0.463261, 0.718366, 0.981281, 0.916992, 1.33445
0.710818, 0.701916, 0.744625, 0.661057, 0.527538, 0.760175, 0.797422, 0.662691, 1.36051
0.542798, 0.796435, 1.1933, 1.13529, 0.784303, 0.678986, 0.560853, 0.645411, 0.958435
0.5704, 0.680025, 0.758862, 0.473935, 0.599607, 0.882418, 1.16384, 1.37148, 1.05404
1.00864, 0.637076, 0.902827, 0.557839, 0.73493, 0.888414, 1.02932, 1.26659, 0.568366
0.813254, 1.75578, 1.65723, 1.25212, 3.41135, 2.69489, 0.865699, 1.34925, 0.920902
1.07186, 1.1793, 0.670117, 1.36863, 9.646, 6.41041, 1.3856, 0.522626, 0.638232
5.27291, 4.28553, 2.36644, 1.96209, 4.68414, 2.64714, 0.914566, 0.427416, 1.69092
5.81875, 3.63542, 2.4401, 1.94695, 4.30428, 2.23527, 0.816065, 1.12479, 3.20025
4.10388, 3.12743, 2.52145, 1.91874, 3.49546, 2.03025, 0.958089, 1.07476, 6.37956
2.28487, 1.45894, 1.13783, 1.06623, 4.20484, 4.74921, 4.70959, 2.60819, 3.76038
1.04714, 0.951446, 0.702369, 1.23377, 3.43614, 3.98429, 3.57389, 2.1069, 1.32198
1.29519, 0.954893, 0.422296, 0.969562, 2.0735, 2.65139, 1.56519, 1.8601, 4.00001
1.37068, 0.840338, 0.749802, 0.624707, 0.949265, 1.523, 1.98394, 3.0396, 5.25343
3.60872, 1.16833, 0.90396, 0.821381, 1.0031, 1.53166, 1.38807, 0.887086, 6.13259
4.79345, 1.88146, 1.52603, 1.32723, 1.14457, 1.14983, 1.56136, 1.26801, 3.7629
1.73454, 0.998947, 3.39642, 1.9825, 2.35174, 0.916234, 0.633545, 0.735463, 1.89545
0.259651, 0.392517, 0.675898, 0.637807, 1.11093, 1.79942, 1.61753, 0.506555, 0.381099
0.182701, 0.209515, 0.636164, 0.497181, 1.05626, 4.14769, 5.56938, 1.2672, 0.139063
0.604544, 0.461362, 0.620691, 0.602523, 1.03281, 1.8874, 3.51184, 1.65593, 0.499934
0.389222, 0.587365, 1.98247, 3.27715, 1.69795, 1.03055, 0.628266, 0.547186, 0.547021
0.283767, 0.238768, 2.13415, 5.11681, 3.24968, 0.64774, 0.222743, 0.317854, 0.612386
0.274142, 0.396397, 0.602116, 2.3201, 1.49221, 0.88529, 0.35671, 0.547978, 0.398353
0.326056, 0.311493, 0.306798, 0.465657, 0.733735, 0.612812, 0.504687, 0.504764, 0.749206
0.28062, 0.260489, 0.384376, 0.212621, 0.660358, 0.443253, 0.264469, 0.14658, 0.148154
0.598334, 0.901896, 1.45235, 0.955585, 2.31542, 2.16186, 0.934644, 0.765633, 0.948059
0.360677, 0.856611, 1.10669, 1.6471, 3.15524, 2.57587, 1.98201, 1.59306, 1.20751
0.415908, 0.292779, 0.672282, 1.34179, 3.21028, 2.15639, 1.70865, 1.03233, 1.52586
1.6443, 2.39499, 2.14694, 1.23878, 2.56208, 1.63719, 0.84162, 0.721855, 1.1917
0.899553, 1.14477, 0.88824, 0.514294, 0.694333, 0.743759, 1.03413, 1.061, 0.614527
0.623808, 0.731799, 0.662086, 0.398744, 0.542616, 0.765542, 0.963303, 0.950104, 0.997213
0.604399, 0.846993, 0.698517, 0.86926, 0.712838, 0.628876, 0.635048, 0.780937, 0.893089
0.783835, 1.01804, 0.757442, 0.719108, 0.939858, 0.671799, 0.460156, 0.525746, 1.09428
0.529579, 0.845854, 0.680955, 0.629031, 0.712755, 0.986853, 0.952318, 0.503321, 1.25314
0.81299, 0.88733, 0.602598, 0.934195, 0.68703, 0.821046, 0.870687, 0.553463, 0.992908
0.627559, 0.483856, 0.542057, 0.786913, 0.68373, 0.906952, 1.1345, 0.976438, 1.34925
1.07792, 1.30529, 1.46469, 0.85774, 0.851745, 0.912902, 0.684022, 0.813778, 0.984507
1.63378, 3.16581, 3.4663, 1.07963, 5.37477, 4.61654, 0.794404, 1.26834, 1.21017
1.51521, 1.23483, 0.913611, 1.51598, 8.05723, 5.95341, 1.11611, 0.574094, 0.7324
8.07584, 6.99603, 1.93378, 2.3529, 3.27384, 1.06775, 0.739746, 0.645547, 2.21192
5.17129, 6.02263, 6.2502, 1.96705, 1.47521, 0.400348, 1.11171, 0.680336, 2.63462
3.60613, 4.44747, 6.93528, 2.51892, 1.48711, 0.933779, 0.395391, 0.741088, 3.09611
1.7004, 1.59872, 1.67815, 1.24708, 2.09614, 2.06794, 3.73928, 3.88248, 3.05493
0.166274, 0.215225, 0.434836, 0.395188, 2.20334, 1.866, 6.65202, 7.01466, 1.42814
0.796102, 0.627528, 0.272289, 0.538871, 1.7392, 1.43174, 1.91666, 2.05448, 2.37341
1.05084, 0.59249, 0.333703, 0.473342, 0.860159, 0.999347, 1.77248, 2.61572, 4.29063
1.96013, 0.773298, 0.550225, 0.664587, 1.41095, 1.04343, 1.21967, 1.36425, 3.78021
0.437743, 0.429562, 1.21259, 1.84754, 2.48883, 1.87483, 0.613852, 0.632081, 1.84422
0.345625, 0.367265, 0.389936, 0.516986, 1.32053, 0.935047, 0.519521, 0.398444, 0.589939
0.175552, 0.306272, 0.559605, 0.406951, 1.08389, 1.65002, 0.784474, 0.463956, 0.812055
0.0925971, 0.277063, 0.474207, 0.627619, 1.37959, 1.72355, 1.49447, 0.456668, 0.161232
0.126629, 0.415431, 1.24719, 1.29052, 1.59165, 2.22107, 3.47325, 1.37503, 0.413926
0.314645, 0.472009, 1.84227, 2.50126, 1.76466, 1.63407, 0.923208, 0.439728, 0.850594
0.417476, 0.392063, 0.492117, 0.755522, 0.999059, 0.911989, 0.429574, 0.322349, 0.485802
0.374091, 0.874985, 0.614006, 0.716961, 1.20145, 1.27139, 0.703178, 0.251065, 0.316875
0.2479, 0.385681, 0.460603, 0.769931, 2.14572, 1.70753, 0.633837, 0.350956, 0.562851
0.0786089, 0.15277, 0.257579, 0.28005, 1.82818, 1.35248, 0.168383, 0.112043, 0.396122
0.615044, 1.21529, 1.11643, 1.03186, 1.98289, 1.50938, 0.722329, 0.42001, 0.61755
0.923483, 0.71894, 0.699237, 1.5704, 2.31769, 2.16909, 1.63552, 1.20428, 0.785376
0.91835, 1.38895, 1.32826, 1.12211, 2.00286, 1.37818, 0.893646, 0.551729, 1.45271
1.55446, 2.94788, 2.78155, 1.12129, 0.9718, 0.778898, 0.649756, 0.551574, 1.07378
0.958859, 0.930344, 1.04711, 0.753581, 0.748363, 0.900239, 0.774158, 1.14342, 0.84488
0.554286, 0.727552, 0.735949, 0.495338, 0.727688, 0.750205, 0.740703, 1.25533, 1.20697
0.701097, 0.916215, 0.829016, 0.69372, 0.743027, 0.585243, 0.595756, 0.589513, 0.854352
0.89434, 1.22837, 0.921923, 0.762193, 0.783653, 0.896333, 0.46722, 0.438023, 0.704374
0.70244, 0.899542, 0.673535, 0.783603, 0.658302, 0.700696, 1.03066, 0.82813, 1.33156
0.877064, 0.87102, 0.56658, 0.557165, 0.626616, 0.83199, 0.952137, 0.648301, 1.13348
0.929536, 0.851568, 0.49054, 0.617367, 0.786154, 0.814492, 1.04404, 0.831359, 1.15004
1.2928, 1.53295, 1.49232, 0.818559, 0.894096, 0.700385, 0.669662, 0.633272, 1.01616
1.33489, 2.06238, 1.94572, 1.46808, 3.46256, 2.52475, 0.575205, 0.578298, 0.931404
2.13552, 2.14428, 2.32355, 1.65931, 3.76048, 2.89066, 0.856483, 0.775368, 1.32477
7.22629, 6.6497, 2.6777, 2.01171, 2.97465, 0.650518, 0.794024, 0.872758, 2.29397
4.2992, 7.87559, 9.18742, 2.24982, 0.441172, 0.266872, 0.67559, 1.07426, 2.33734
6.3592, 3.83932, 2.86943, 0.66945, 0.410293, 0.178741, 0.277608, 2.04742, 6.86795
2.56993, 2.49985, 1.11126, 0.756103, 1.28384, 0.865221, 1.14916, 1.94957, 2.83852
0.277658, 0.274558, 0.260814, 0.665521, 1.07629, 1.25234, 6.3813, 8.0174, 0.789199
0.536325, 0.553479, 0.463803, 0.449123, 0.950986, 0.924946, 5.87978, 8.08018, 0.948068
0.902601, 0.594167, 0.476039, 0.596146, 0.908626, 0.804439, 2.1742, 3.28503, 2.50999
0.750505, 0.632826, 0.21663, 0.62218, 0.798273, 0.654263, 1.97779, 3.85677, 4.19246
0.640355, 0.584063, 0.293952, 0.75904, 1.95247, 1.28091, 1.15088, 1.14372, 0.856696
0.370591, 0.373401, 0.856924, 0.869302, 1.45149, 1.15503, 1.60852, 0.564783, 0.203285
0.189994, 0.717169, 1.10458, 0.879548, 1.72494, 1.59916, 1.22159, 0.706807, 0.323533
0.406392, 0.696533, 0.991615, 1.16603, 1.58459, 1.65445, 0.606406, 0.638437, 0.439095
0.429092, 0.556838, 0.903024, 0.901847, 1.75831, 1.59427, 0.627955, 0.481823, 0.509937
0.792594, 0.268463, 0.750816, 0.721677, 1.67388, 1.72363, 0.623409, 0.304802, 0.476045
0.534777, 0.301936, 0.375391, 0.563179, 1.2632, 1.75013, 0.760955, 0.373426, 0.472314
0.36445, 0.802646, 0.928415, 0.961443, 1.74326, 1.38838, 0.732349, 0.330654, 0.41698
0.275653, 0.749737, 0.590372, 1.32554, 1.90313, 1.3838, 1.0736, 0.273201, 0.387857
0.135178, 0.186489, 0.373352, 0.617516, 1.30729, 1.16085, 0.554614, 0.113387, 0.244114
0.619397, 0.854877, 0.654956, 0.474916, 1.10746, 1.11502, 0.463323, 0.36688, 0.534102
0.708295, 0.720235, 0.571716, 1.17987, 1.33409, 1.1715, 1.00052, 1.03858, 0.921279
0.920962, 1.482, 1.0386, 1.1776, 1.1714, 0.657191, 0.942997, 0.982758, 0.736394
1.21572, 1.92848, 1.14102, 0.553112, 0.515608, 0.602086, 1.14987, 1.25668, 1.10958
1.4028, 0.842452, 0.97387, 0.576973, 0.652048, 0.8868, 0.893433, 0.876217, 0.695439
1.01682, 0.742968, 0.959638, 0.862162, 0.737349, 0.647635, 0.966384, 1.03744, 1.05555
0.657476, 1.01607, 0.955084, 0.672722, 0.600661, 0.653301, 0.780517, 0.647589, 0.905801
0.569047, 1.29405, 0.99622, 1.02514, 0.675623, 0.703483, 0.550487, 0.561399, 0.666388
0.773714, 0.993971, 0.745318, 0.523425, 0.430645, 0.737933, 0.844724, 0.751868, 1.05811
1.45631, 0.739314, 0.336998, 0.303655, 0.413338, 0.69833, 0.697164, 0.792337, 1.19987
0.736965, 0.715963, 0.922798, 0.628101, 0.73872, 0.966046, 0.706993, 0.681161, 1.06959
1.35398, 2.66605, 2.15482, 0.87563, 0.490188, 0.628997, 0.450009, 0.634326, 0.94483
0.788301, 1.25934, 1.94353, 1.07554, 1.15517, 1.129, 0.749111, 0.382981, 0.599938
3.25023, 3.96039, 1.62783, 0.869799, 1.2762, 1.08097, 0.688628, 0.620593, 1.09672
7.21069, 7.54586, 5.47799, 2.94556, 1.76724, 0.275947, 0.424858, 0.527782, 1.21055
3.25827, 4.45574, 8.00947, 2.21862, 0.664059, 0.394263, 0.355201, 0.308742, 1.39849
7.38787, 2.08016, 0.279469, 0.372449, 0.246773, 0.331708, 0.299573, 0.427577, 8.4663
3.71617, 1.35619, 0.838693, 0.59248, 0.570805, 0.541141, 0.427092, 0.583888, 3.36973
0.433625, 0.401446, 0.711717, 0.848196, 1.2749, 0.774319, 1.46582, 1.8003, 0.594061
0.317072, 0.356383, 0.442556, 0.496508, 0.981851, 0.741986, 4.94471, 6.71062, 0.814995
0.486813, 0.470266, 0.428427, 0.415059, 1.12302, 0.952398, 4.22368, 5.73102, 1.35834
0.518804, 0.652836, 0.250123, 0.286957, 0.683368, 0.619136, 1.69185, 3.53555, 3.11949
0.558959, 0.894781, 0.506556, 0.832936, 0.818258, 0.667235, 0.960021, 1.22778, 1.23873
0.480045, 0.360277, 0.804556, 0.540946, 0.898357, 1.05213, 0.893377, 0.297952, 0.285292
0.327397, 0.352056, 0.523977, 0.723944, 1.19026, 1.11863, 0.892802, 0.366327, 0.415243
0.23326, 0.350012, 0.501519, 0.463552, 1.04006, 1.05014, 0.641258, 0.411241, 0.335808
0.324801, 0.294768, 0.374064, 0.463541, 0.946398, 0.955984, 0.683279, 0.319408, 0.235539
0.18991, 0.18657, 0.282377, 0.468843, 1.12113, 1.16892, 0.609914, 0.269131, 0.312498
0.408908, 0.228253, 0.215124, 0.457626, 0.784734, 1.08289, 0.56567, 0.355507, 0.268354
0.333515, 0.532705, 0.535546, 0.579721, 0.734605, 0.824382, 0.815366, 0.45462, 0.273756
0.301733, 0.452576, 0.508432, 0.598821, 0.822919, 1.07828, 1.26662, 0.512418, 0.263177
0.140613, 0.277893, 0.252946, 0.54865, 1.07003, 0.940795, 0.279216, 0.168343, 0.116629
0.326204, 0.61889, 0.887699, 0.720802, 0.973044, 0.617917, 0.650452, 0.318377, 0.469233
0.567601, 0.565385, 0.413571, 1.21298, 1.56662, 1.03674, 0.798419, 0.618726, 1.03948
0.368812, 0.609797, 0.623036, 0.648638, 1.22282, 1.32217, 1.67427, 1.23953, 1.34429
0.489322, 0.600997, 0.648603, 0.483869, 0.983404, 1.24018, 3.24612, 2.17245, 1.11531
1.02777, 0.854037, 0.961814, 0.59963, 0.65457, 1.33437, 1.9139, 1.01705, 0.775668
1.19571, 0.844468, 1.1899, 0.826669, 0.550988, 0.661004, 0.782855, 0.71901, 0.724486
0.690193, 0.436636, 0.482556, 0.682225, 0.713685, 0.944657, 1.10392, 0.740199, 1.04233
0.648638, 0.542134, 0.418585, 0.704608, 0.754755, 0.956283, 0.868129, 0.630511, 0.878508
0.873606, 1.06245, 0.978241, 0.500687, 0.688918, 0.432433, 0.769565, 0.736071, 0.675564
1.0489, 0.681673, 0.654914, 0.699457, 0.613475, 0.663322, 1.01877, 1.0126, 0.710176
0.796788, 0.898366, 0.725575, 0.723478, 0.612715, 0.778659, 0.811462, 1.01415, 0.863603
1.33961, 3.12677, 1.51824, 1.05834, 0.718387, 0.684253, 0.619342, 1.15449, 1.55357
1.11497, 1.34788, 0.797293, 1.54169, 1.70658, 1.39051, 0.928265, 1.03868, 0.719694
3.67822, 4.80585, 1.45559, 2.27986, 1.09611, 1.08052, 0.611015, 1.05418, 1.80501
6.92789, 6.77611, 5.92132, 3.69876, 1.61855, 0.719651, 0.531769, 0.694093, 1.09234
1.53211, 1.63561, 3.44648, 1.45477, 1.53072, 1.55905, 0.613044, 0.397359, 1.96546
5.57179, 1.93956, 0.70285, 0.637434, 0.788464, 0.833341, 0.803101, 0.91737, 7.19842
3.19092, 1.25985, 0.558129, 0.590499, 0.7642, 0.921571, 0.863315, 0.737047, 2.04321
0.43652, 0.742311, 0.593026, 0.739596, 1.19623, 1.16908, 0.621386, 0.724556, 0.610704
0.755478, 0.81336, 0.306458, 0.570188, 1.34736, 1.14498, 1.51638, 2.02781, 0.860993
0.443354, 0.509941, 0.422751, 0.407656, 1.17277, 1.2378, 6.63109, 9.11461, 1.29706
0.381411, 0.574984, 0.258175, 0.260052, 0.721145, 0.614725, 5.40917, 8.51417, 2.57022
0.500968, 0.76208, 0.742303, 0.953067, 0.585467, 0.825523, 2.71545, 2.85834, 3.28759
0.892608, 0.712953, 0.91692, 0.902134, 0.927945, 0.829588, 1.00484, 0.658438, 0.875649
0.596794, 0.774683, 1.11061, 0.841482, 0.925627, 1.21205, 0.693315, 0.793511, 0.886745
0.358535, 0.49806, 0.713004, 0.571221, 0.620537, 1.04027, 1.06518, 0.718348, 0.50493
0.421233, 0.473656, 0.522382, 0.598473, 1.03048, 0.942539, 0.966425, 0.597133, 0.532018
0.436338, 0.583528, 0.453943, 0.724527, 0.871832, 1.08526, 0.925016, 0.70003, 0.763293
0.392715, 0.527591, 0.569089, 0.814991, 0.713886, 0.78967, 1.11443, 0.937779, 0.491707
0.29513, 0.365064, 0.38561, 0.470131, 1.10585, 1.28076, 1.39531, 0.564776, 0.182989
0.344711, 0.500986, 0.508614, 0.48962, 1.43562, 1.60609, 1.03688, 0.462949, 0.417594
0.132439, 0.529577, 0.386245, 0.435599, 1.20082, 0.99098, 0.685693, 0.845969, 0.39123
0.460579, 0.449853, 0.774535, 0.575547, 1.73797, 1.2447, 0.526468, 0.465306, 1.1832
0.699992, 0.843361, 0.622129, 1.00638, 1.3929, 1.03293, 0.727748, 0.726851, 1.31982
0.785626, 0.72763, 0.604431, 1.07532, 0.951924, 1.39304, 0.824596, 0.650181, 1.01888
1.02687, 1.22552, 1.14143, 0.832893, 1.1055, 1.53968, 1.50515, 1.43164, 1.42623
2.15138, 2.34952, 1.13445, 0.433361, 0.858432, 1.05473, 1.05557, 1.53148, 2.44328
0.426798, 0.39463, 0.624992, 0.70009, 0.584024, 0.746547, 1.03482, 1.71445, 1.26056
0.929473, 0.523903, 0.6051, 0.892508, 1.00201, 0.946254, 0.559507, 0.395975, 0.876436
0.690803, 0.830931, 0.702963, 0.941038, 0.948205, 0.877564, 0.929558, 0.345903, 0.363414
1.14162, 0.870295, 1.05105, 0.99309, 0.821001, 0.806608, 0.516915, 0.536504, 0.525218
1.07474, 0.687684, 0.56426, 0.761498, 0.78313, 1.00812, 0.946428, 1.06238, 0.502182
1.05929, 1.54021, 1.04952, 0.791756, 0.403036, 0.534735, 1.12523, 1.03309, 0.803965
1.55256, 2.87829, 1.71653, 0.894054, 1.11808, 1.25306, 1.03764, 1.26762, 1.81529
1.13603, 1.5712, 0.865802, 1.29665, 1.68351, 1.45763, 1.16048, 1.41824, 1.4508
4.20269, 5.29873, 3.6815, 2.39122, 2.00047, 1.46931, 1.69824, 1.13788, 1.67532
4.5307, 4.54625, 5.60882, 3.20793, 2.18109, 1.69176, 1.67361, 1.61249, 1.40671
0.68563, 0.830304, 0.995968, 1.04302, 1.96964, 1.90881, 0.71593, 0.861988, 1.34112
1.14073, 1.22134, 1.33886, 1.11268, 1.55018, 1.76121, 0.829157, 0.836692, 1.23271
0.801443, 1.21926, 1.45695, 0.806889, 1.64771, 1.67091, 1.52884, 0.862925, 0.838711
0.579835, 0.956863, 1.429, 1.18292, 1.65903, 1.57123, 1.3353, 1.0193, 0.767241
0.538139, 0.505013, 0.775216, 0.833441, 1.64312, 2.0037, 0.948057, 1.10901, 1.03009
0.312622, 0.847223, 1.31538, 1.00167, 1.64563, 1.02093, 1.91747, 2.92248, 1.02674
0.306529, 0.732099, 0.88377, 0.623192, 0.615791, 0.768838, 5.94732, 8.12181, 2.08222
0.661822, 1.52554, 3.09947, 2.5821, 2.09558, 1.91355, 4.0248, 4.26306, 4.8042
0.938517, 0.988633, 1.33419, 1.13981, 1.5455, 1.57901, 1.91375, 1.43032, 1.8845
1.00963, 0.948475, 0.924707, 0.834259, 1.27226, 1.22922, 0.924947, 0.915431, 0.926147
0.65316, 0.540408, 0.72521, 0.856821, 0.88713, 1.1041, 0.797518, 0.754461, 0.762506
0.359334, 0.60247, 0.646648, 0.646439, 0.901811, 0.938263, 0.88225, 0.835873, 0.764605
0.533561, 0.713974, 0.640439, 0.813783, 1.09162, 0.686029, 0.801554, 0.511782, 0.512447
0.362114, 0.554722, 0.54012, 0.895133, 0.950167, 0.806113, 1.2132, 0.64989, 0.672816
0.389017, 0.707529, 0.775181, 0.863517, 1.43849, 0.792686, 0.954762, 0.342438, 0.2069
0.267366, 0.688849, 0.557798, 0.977224, 1.4337, 1.1237, 1.17337, 0.679567, 0.766151
0.0905523, 0.427607, 0.395474, 0.666395, 1.02103, 0.982807, 1.003, 0.710291, 0.67806
0.204539, 0.393193, 0.845132, 0.77304, 1.65839, 1.285, 0.506278, 0.712419, 1.12946
1.09887, 0.903007, 0.878881, 1.34171, 1.89091, 1.41853, 1.39798, 0.923406, 0.873556
0.967237, 0.787715, 1.11927, 1.35723, 1.39298, 1.00685, 0.779649, 0.611043, 0.716133
1.20635, 1.33873, 1.16983, 1.19469, 1.22292, 1.15178, 1.09398, 1.07298, 1.42524
2.33265, 1.88809, 0.893323, 0.759568, 0.803893, 0.952627, 1.01984, 1.31592, 2.46549
0.425269, 0.427917, 0.305042, 0.400797, 0.439497, 0.578819, 0.924522, 1.39842, 1.34275
0.711687, 0.44531, 0.479007, 0.594817, 1.1886, 1.38478, 0.708877, 1.04506, 0.80203
0.406478, 0.299597, 0.507609, 0.641196, 1.46321, 1.37545, 0.99605, 0.636395, 0.384319
0.552712, 0.394718, 0.702308, 0.683452, 1.21853, 1.13214, 0.862389, 0.883567, 0.384098
0.592332, 0.449451, 0.536538, 0.667803, 0.954088, 0.880396, 0.992301, 1.13042, 0.616636
1.31761, 1.14485, 1.1963, 1.11557, 0.993481, 0.775177, 0.875959, 0.618276, 0.975063
0.97612, 1.48328, 1.08449, 1.14599, 1.71625, 1.75345, 1.07757, 0.844915, 1.48219
0.846165, 1.82316, 0.549317, 1.33265, 1.96626, 1.82194, 1.36296, 1.21606, 0.948254
5.71421, 4.98958, 2.89836, 1.61962, 1.74451, 1.16718, 1.15649, 0.980491, 1.66453
2.99194, 2.86121, 2.64866, 1.81334, 1.7995, 1.61275, 1.21754, 1.22689, 1.27866
0.589388, 0.984492, 1.28852, 1.3299, 1.57634, 1.30265, 0.666987, 0.714187, 0.709414
0.515038, 0.823937, 1.04635, 1.2371, 1.54477, 1.73434, 1.01306, 1.01557, 0.783839
0.676165, 1.13067, 1.10813, 1.01082, 2.13991, 1.36435, 1.31941, 0.68079, 1.12914
0.753968, 1.43214, 1.74951, 1.42762, 1.85261, 1.62046, 1.42229, 0.776686, 0.840069
0.969827, 0.920183, 1.06304, 1.45236, 2.49997, 1.62199, 1.16427, 0.977272, 1.2166
0.515085, 0.743773, 1.19654, 1.22809, 1.92909, 1.35107, 0.90196, 0.731287, 1.22128
0.606542, 0.879308, 1.35877, 1.37798, 1.45931, 1.39711, 1.00222, 1.08545, 1.92479
0.636263, 0.827832, 1.32981, 1.4906, 1.34494, 1.00667, 1.8776, 3.33673, 3.68395
0.532791, 0.777086, 1.01086, 0.727375, 1.04993, 0.646796, 2.03095, 3.57108, 2.81803
0.644881, 0.965512, 0.842963, 0.905862, 0.984157, 1.31348, 1.29774, 1.56363, 0.997854
0.4859, 0.515517, 0.574629, 0.61894, 0.976085, 1.42971, 0.664792, 0.868316, 1.27049
0.539916, 0.569665, 0.527715, 0.750092, 1.01706, 1.30739, 0.830476, 0.561337, 1.10395
0.605892, 0.779089, 0.67401, 0.952686, 1.42464, 1.34423, 0.692769, 0.463345, 0.932649
0.333422, 0.712878, 0.742961, 0.901931, 1.40363, 1.35593, 0.77013, 0.614277, 1.07126
0.621522, 0.949477, 1.13219, 1.20655, 1.22854, 1.13516, 0.867702, 0.488594, 0.600058
0.440051, 0.386217, 0.507913, 1.13394, 1.43758, 1.75185, 1.62869, 1.15784, 1.03653
0.150723, 0.208462, 0.548729, 1.0106, 1.58776, 1.39515, 1.02212, 0.568416, 0.695376
0.316369, 0.866978, 0.671515, 0.736865, 0.9798, 0.99689, 0.735144, 0.889895, 0.681675
0.546609, 0.892115, 1.19873, 1.89716, 1.66716, 1.66212, 1.33416, 0.949373, 1.398
0.547996, 0.520799, 1.38748, 1.36027, 1.76539, 1.24874, 0.92118, 0.977205, 1.41243
1.28828, 1.45953, 1.82673, 1.05913, 1.59352, 1.05469, 0.625151, 0.997068, 1.63458
2.00442, 1.70664, 0.762285, 0.81381, 0.425207, 0.816812, 0.623155, 0.925188, 2.22773
0.681444, 0.438661, 0.384315, 0.252586, 0.253572, 0.342043, 0.419877, 0.55676, 0.672686
0.238096, 0.196784, 0.27172, 0.212496, 0.391266, 0.664211, 0.514266, 0.526108, 0.578623
0.720333, 0.368171, 0.746667, 0.740219, 0.919019, 1.23322, 1.00288, 0.584521, 0.554432
0.792061, 0.450377, 0.81833, 0.919492, 1.01842, 1.1245, 0.672114, 0.538201, 0.234386
0.682304, 0.38861, 0.663296, 0.639448, 1.03481, 0.899574, 1.32426, 0.529836, 0.397038
1.31595, 1.04762, 1.27116, 1.45541, 0.619215, 0.508208, 0.824217, 0.644242, 0.725837
0.393405, 0.858751, 0.742975, 1.16044, 1.54924, 1.37901, 1.22395, 1.23144, 0.987324
1.66401, 1.78338, 1.48357, 1.10949, 1.36096, 1.3693, 1.05837, 0.727804, 1.03234
6.67689, 4.79942, 3.33538, 1.95149, 2.54672, 0.964542, 0.441163, 0.48617, 1.88104
1.50272, 2.02453, 1.5388, 1.5531, 1.68089, 1.30328, 0.54836, 0.453355, 1.09399
0.931927, 0.859666, 1.02456, 1.22893, 2.00421, 1.37821, 0.588848, 0.969575, 1.18212
0.450009, 1.12066, 0.457481, 1.08724, 1.93214, 1.82381, 1.16109, 0.762892, 0.68437
0.488069, 1.41589, 1.00067, 0.987316, 1.67787, 1.76691, 1.62664, 1.01283, 1.12476
0.821335, 1.10639, 1.44033, 1.25223, 1.33239, 1.34109, 0.964059, 1.27499, 1.9243
1.24471, 1.11253, 0.922237, 1.02714, 1.64307, 1.62163, 1.25538, 1.44556, 1.57369
1.12723, 1.4632, 0.997333, 1.50728, 2.16626, 2.04401, 1.16135, 0.617389, 1.14766
0.912447, 1.08986, 1.44786, 2.34374, 1.55564, 1.65344, 1.15566, 1.02556, 1.33701
1.1789, 0.928417, 1.25481, 1.6153, 1.46379, 1.40723, 1.3821, 1.88075, 1.79122
0.687049, 0.636965, 1.65913, 1.66611, 1.30853, 0.703044, 1.66875, 4.06256, 3.18761
0.712764, 0.816563, 1.22936, 1.47599, 1.34256, 2.37142, 1.49302, 1.80522, 1.6631
0.336216, 0.590805, 0.911953, 0.856707, 1.32244, 1.87751, 1.00326, 0.900599, 1.47199
0.777815, 1.04209, 0.687041, 0.95249, 1.4859, 1.31285, 0.842224, 0.862418, 0.627772
0.733911, 1.25444, 1.02917, 1.12325, 1.04295, 1.13932, 0.891267, 0.49492, 0.695248
0.419565, 0.973834, 1.4961, 1.28232, 1.53035, 1.40556, 0.822894, 0.668416, 0.654329
0.481356, 0.852456, 0.824484, 0.624478, 1.41605, 1.73476, 0.574355, 0.632214, 1.09975
0.668774, 0.906584, 0.46096, 0.784431, 0.83774, 1.49577, 1.17164, 1.15062, 1.58516
0.217759, 0.311474, 0.336349, 0.875714, 1.56423, 0.987932, 0.34577, 0.396633, 0.655132
0.20863, 0.752242, 1.05895, 1.10203, 1.55385, 0.94582, 0.880532, 0.602443, 0.594839
0.437623, 1.5512, 1.70738, 2.00296, 1.65024, 1.8519, 1.1934, 0.957506, 1.32225
0.386864, 0.91783, 1.10457, 1.10348, 1.66099, 1.99171, 1.31672, 1.27892, 1.45654
0.854739, 1.24941, 1.28769, 1.23596, 1.77943, 1.45167, 0.888835, 1.25228, 1.48029
1.72539, 1.14845, 0.585946, 0.809278, 0.633973, 0.516379, 0.566025, 0.540108, 2.08674
0.747195, 0.349477, 0.303964, 0.115108, 0.163604, 0.321947, 0.586528, 0.549196, 0.814008
0.752232, 0.80355, 0.350315, 0.217805, 0.294285, 0.297782, 0.210862, 0.159979, 0.551203
2.13301, 1.63098, 1.19816, 0.743754, 0.815972, 0.903302, 0.831433, 0.784279, 2.2949
0.712382, 0.775102, 0.964137, 0.554929, 0.701679, 0.906193, 0.791536, 0.709806, 0.773302
0.619121, 0.352464, 0.493243, 0.343166, 0.517792, 0.48686, 0.564105, 0.750658, 0.702911
1.17329, 1.74534, 1.00069, 0.895827, 0.522675, 0.718623, 0.507932, 0.636549, 1.37687
0.615511, 0.935439, 0.953942, 1.52974, 1.90411, 1.53387, 1.40429, 1.19224, 1.65003
2.52953, 2.28212, 2.21369, 1.11636, 1.18148, 0.780524, 1.17468, 0.639634, 1.93294
4.83817, 4.11209, 2.1625, 2.3984, 3.36881, 2.46695, 0.980891, 1.37404, 4.18087
1.42186, 1.69092, 1.02366, 0.985945, 1.93595, 1.74589, 0.88829, 1.18561, 1.67132
0.828645, 0.945951, 1.37389, 1.76107, 1.96688, 1.50414, 0.853499, 1.25579, 2.1852
1.10058, 1.34721, 1.08089, 1.10185, 1.99382, 1.83558, 1.3219, 1.01527, 1.68363
0.629452, 1.32574, 1.0532, 1.08106, 1.46677, 1.40657, 1.22738, 0.87007, 2.00923
0.590389, 1.19336, 1.27049, 1.09858, 1.63927, 1.64988, 0.982587, 1.12985, 1.75262
0.955577, 1.16109, 1.03063, 1.02456, 1.41823, 2.4366, 1.59241, 1.04383, 1.60709
0.995836, 1.43279, 0.808608, 1.42534, 1.76104, 2.20053, 1.57164, 0.861419, 0.987176
0.958054, 1.2684, 1.1948, 1.59217, 1.23675, 1.77047, 1.42423, 1.60737, 0.914175
0.669249, 1.06301, 1.02247, 1.24628, 1.36937, 1.19964, 1.49055, 2.04748, 1.15685
0.757849, 1.17936, 1.9747, 2.13608, 1.89244, 1.52942, 2.82246, 3.60171, 3.45306
0.673681, 0.558082, 1.49706, 2.56187, 1.7781, 2.32521, 2.24165, 2.24656, 4.44606
0.407485, 1.03622, 1.11718, 1.24986, 1.32416, 1.86303, 1.03112, 0.913259, 0.791275
0.923091, 0.624198, 0.951482, 1.10254, 1.06792, 1.99077, 0.956033, 1.11907, 1.20159
0.681368, 1.03074, 0.925338, 1.00372, 1.40364, 1.59034, 0.809849, 1.09066, 1.32372
0.684334, 1.12507, 0.989622, 0.915016, 1.42944, 1.27649, 0.957155, 0.872541, 0.851611
0.500074, 0.898311, 0.968752, 0.748127, 2.4946, 1.51848, 0.695764, 0.741397, 0.802588
0.594165, 1.46981, 0.877544, 1.06229, 1.67115, 1.34421, 0.782443, 1.18925, 0.858864
0.287033, 0.453781, 0.596742, 0.813662, 2.38578, 1.98602, 0.723884, 1.07581, 1.10986
0.626925, 0.683381, 1.31392, 1.65241, 2.29287, 1.03492, 0.85256, 0.833554, 0.860876
0.89908, 1.65928, 2.03937, 1.37617, 1.79696, 1.69116, 0.975042, 1.31222, 1.19977
0.752318, 1.06016, 1.2796, 0.9061, 1.4177, 1.43194, 1.04848, 0.810885, 1.14693
1.22579, 1.69928, 1.25724, 1.04985, 1.08169, 1.67552, 0.998765, 1.32727, 1.52913
1.98498, 1.27968, 0.785649, 0.964756, 0.532892, 0.443407, 0.533601, 0.550227, 2.07623
0.461358, 0.260565, 0.127456, 0.120156, 0.227193, 0.282448, 0.638389, 1.15561, 1.4398
0.86678, 1.40202, 0.664091, 0.208953, 0.385897, 0.401412, 0.394358, 0.338576, 1.79915
1.15503, 1.78941, 1.1508, 0.710901, 1.16478, 0.566024, 1.26833, 0.876073, 4.95308
0.251306, 0.303002, 0.290138, 0.300567, 0.383025, 1.05758, 0.652386, 0.883932, 1.08011
0.55746, 0.402781, 0.419671, 0.276432, 0.499005, 0.774286, 0.922548, 1.01788, 1.19523
1.1152, 1.51436, 1.19421, 1.05709, 0.81178, 1.09089, 1.38236, 0.743802, 2.28161
1.04305, 1.40242, 1.25631, 1.3971, 1.57037, 1.48647, 1.7067, 1.12342, 1.38935
4.81217, 4.07658, 1.65213, 0.96442, 1.03597, 0.676268, 0.922519, 0.798991, 1.23834
5.56907, 3.43685, 2.80335, 1.30756, 1.2211, 1.16082, 0.929603, 1.61773, 2.73835
1.51051, 1.56948, 0.803601, 0.853223, 1.91257, 1.46389, 1.20432, 1.47212, 1.58935
1.44399, 1.36213, 1.27931, 1.17227, 1.79082, 1.5633, 1.43649, 1.38841, 1.85617
0.75437, 1.40806, 1.50053, 1.62559, 1.579, 1.02008, 1.45687, 1.31905, 1.56388
0.408005, 1.05355, 1.35324, 1.64067, 1.58165, 1.50988, 1.448, 0.882395, 1.41111
0.611285, 1.01787, 1.1649, 0.981188, 1.42196, 1.83532, 1.07594, 0.821755, 1.75917
0.632512, 1.6253, 0.693373, 0.959183, 1.42606, 1.6237, 1.17763, 0.992897, 1.81814
0.856298, 1.08503, 1.02418, 1.52787, 1.77747, 2.04553, 1.46902, 0.992249, 1.49993
1.12174, 1.21837, 0.748867, 1.39486, 1.81396, 2.38956, 1.54158, 1.58858, 1.12938
0.593291, 1.49805, 0.575072, 0.906163, 1.13904, 2.31807, 1.22865, 1.29471, 1.51431
0.746982, 1.21132, 0.74499, 0.796075, 1.13469, 1.25716, 1.82347, 2.16896, 2.93814
0.62568, 0.564702, 0.511061, 0.928845, 0.868064, 1.09102, 2.84592, 7.94209, 9.32491
0.597347, 0.94869, 0.694919, 1.5416, 0.991606, 0.931919, 0.888005, 2.42573, 2.58161
0.628432, 0.793866, 1.12459, 1.41614, 0.785058, 1.19957, 0.850794, 1.01814, 1.19511
0.712452, 0.724087, 0.853672, 0.83456, 1.41119, 1.3074, 1.008, 0.987404, 1.5301
0.350414, 0.792552, 0.795142, 0.595947, 1.25725, 0.885931, 0.893687, 0.802374, 1.07937
0.541401, 0.877424, 0.960663, 0.876395, 1.49655, 0.811857, 0.477004, 0.651059, 0.592615
0.914839, 1.51177, 1.28178, 1.20084, 1.773, 1.59902, 0.861514, 0.780828, 1.10461
0.642912, 0.702714, 1.01874, 0.889646, 1.75752, 1.45888, 0.80895, 0.561613, 1.22874
0.549763, 1.27446, 0.79929, 0.887894, 2.24633, 1.72615, 0.555496, 0.638535, 1.16993
1.1284, 1.5788, 1.196, 1.50592, 2.36349, 3.14028, 1.56961, 1.56563, 2.43682
1.33328, 0.890253, 0.869151, 1.52405, 1.61141, 1.88265, 1.69592, 0.94098, 1.47559
1.64488, 1.71407, 1.04077, 0.812154, 1.154, 1.64878, 1.33196, 1.10256, 1.62897
2.5445, 1.51523, 1.0922, 0.563636, 0.556602, 0.493067, 0.476102, 0.456984, 1.73093
0.609286, 0.344172, 0.295089, 0.179442, 0.192937, 0.251602, 0.527947, 0.742723, 1.13726
1.30086, 2.17051, 1.53542, 0.751914, 0.757326, 0.639683, 0.593747, 0.739531, 1.91006
1.09269, 1.93464, 1.06111, 0.823679, 1.08945, 0.862901, 1.06904, 1.48704, 4.80898
0.183878, 0.21012, 0.121293, 0.190489, 0.407762, 0.615465, 0.515732, 0.670425, 1.15762
0.465699, 0.543253, 0.388252, 0.291911, 0.811131, 0.959822, 0.993729, 0.982211, 1.15015
1.3266, 1.15632, 1.15776, 1.17277, 0.988311, 0.986083, 1.36915, 1.57191, 2.86418
1.20692, 1.33891, 1.90134, 1.55997, 1.83737, 1.22678, 0.869108, 0.645024, 1.57416
7.89899, 5.26705, 2.3467, 0.696605, 0.65925, 0.383706, 0.384359, 0.320702, 1.40582
7.82236, 4.11576, 2.17329, 0.769481, 1.1631, 1.32827, 1.02559, 0.505006, 1.24126
1.48092, 1.49681, 0.851311, 1.0577, 0.992376, 2.61281, 2.168, 1.02139, 1.91712
0.937855, 1.40604, 1.2144, 1.26372, 1.44778, 1.91814, 2.10329, 1.12592, 1.7735
0.712081, 2.07922, 1.9747, 2.04442, 1.45879, 1.39529, 1.44723, 1.13936, 1.18806
0.992501, 1.31442, 1.53353, 1.54087, 1.17208, 1.23858, 1.0703, 0.883689, 1.26928
0.876375, 1.22748, 1.24426, 1.05767, 1.5412, 1.74779, 1.30008, 1.9301, 2.19654
0.99149, 1.52192, 1.07101, 1.51572, 1.82324, 1.59471, 1.53396, 2.20714, 2.68894
0.919835, 1.4609, 1.41224, 1.71633, 1.99472, 1.68497, 1.31386, 1.66479, 2.15554
1.12434, 1.62932, 1.91248, 2.00144, 1.93453, 1.6806, 1.82494, 1.22568, 1.28285
1.04815, 1.56114, 0.920408, 2.04972, 1.84435, 1.59115, 1.13999, 1.3794, 1.95054
1.12953, 1.50871, 1.0414, 1.67926, 1.68086, 1.49215, 1.41099, 1.16653, 2.73078
0.983403, 0.797696, 0.589044, 0.905755, 1.02464, 0.787381, 2.74968, 6.6846, 8.08659
0.569228, 0.643527, 1.09035, 0.810063, 0.876422, 1.13229, 2.30589, 5.17239, 6.65712
0.680647, 0.89997, 1.19514, 1.20311, 1.65183, 1.59509, 1.59946, 1.11153, 1.62215
1.20799, 1.40991, 1.33013, 1.37376, 1.99917, 1.25558, 1.56261, 1.65398, 1.29325
0.845871, 1.2952, 1.49753, 1.1152, 2.14951, 0.935187, 0.988242, 0.751191, 1.52287
0.968401, 1.56504, 1.11345, 1.28636, 1.72871, 1.1021, 0.604577, 0.690355, 0.940166
1.6609, 1.86452, 1.40952, 0.950211, 2.16099, 2.17769, 1.04239, 0.970135, 1.29765
0.745194, 0.664104, 1.13807, 0.802214, 1.66948, 1.39452, 0.479028, 0.577723, 0.843823
2.29161, 0.870534, 0.481242, 0.478465, 1.18159, 0.995046, 1.34604, 1.12185, 1.08153
3.35172, 1.66784, 0.916931, 0.815755, 1.60403, 1.23598, 1.08455, 1.0659, 1.79648
2.32695, 1.61158, 0.833531, 1.70224, 1.90996, 0.992995, 0.788978, 0.488874, 1.61969
2.7612, 1.77292, 1.28658, 1.66566, 1.88516, 0.994341, 0.362427, 0.628521, 1.18285
1.66755, 0.840122, 0.56085, 0.487302, 0.421326, 0.248362, 0.150836, 0.11052, 1.24749
1.18841, 0.487039, 0.410709, 0.146102, 0.224202, 0.258503, 0.287654, 0.177931, 0.891974
1.08346, 0.723621, 0.364874, 0.582701, 0.961828, 0.543749, 0.582006, 0.472152, 1.76766
2.34043, 0.812548, 0.412795, 0.505115, 1.07303, 1.03984, 0.342337, 0.714084, 3.0977
0.772846, 0.140166, 0.11633, 0.248555, 0.275885, 0.388014, 0.414797, 0.500806, 1.19687
0.739711, 0.496815, 0.433525, 0.288395, 0.407995, 0.520183, 0.330177, 0.48906, 0.717057
1.2369, 1.27366, 1.158, 0.601293, 0.900524, 0.753489, 0.50648, 0.736824, 2.11547
2.12398, 1.49999, 1.11434, 0.840286, 1.15558, 0.686654, 0.343668, 0.751034, 1.82214
7.01341, 3.25122, 1.75474, 0.653692, 0.106624, 0.166757, 0.117715, 0.331634, 2.49411
3.25138, 1.92324, 1.48483, 0.727795, 0.766186, 0.967356, 0.874733, 0.636615, 1.86711
1.24402, 0.79012, 0.953042, 0.771047, 1.03218, 1.26267, 1.26801, 1.37049, 1.22448
1.25122, 1.477, 0.7283, 0.595809, 1.04251, 0.999803, 0.550305, 1.25011, 0.889131
1.41709, 1.41803, 1.25988, 0.795318, 1.26294, 0.703474, 0.370802, 0.718973, 0.8091
1.75548, 0.701494, 0.968065, 0.988358, 1.34987, 0.853816, 0.597113, 0.822039, 1.10375
1.0502, 1.01802, 0.945354, 1.5246, 0.601567, 1.31893, 0.972569, 0.740655, 0.806765
1.23773, 0.674059, 0.783675, 1.29606, 1.07573, 1.55778, 0.858401, 1.2511, 1.58015
2.1715, 0.99134, 0.809812, 0.874697, 1.40915, 1.11126, 0.89095, 0.599107, 1.49972
1.36567, 1.42223, 1.83666, 1.42404, 1.47525, 0.665335, 0.551205, 0.988001, 0.996178
2.01114, 0.787207, 0.636295, 1.11784, 0.942988, 0.888086, 0.820388, 1.00933, 1.83908
1.55901, 0.584649, 0.684968, 0.733499, 0.941499, 0.91921, 1.07261, 0.838089, 1.19636
2.39101, 0.851635, 0.844441, 0.522176, 0.402142, 1.02895, 1.75415, 2.91141, 2.72082
3.0839, 0.334043, 0.476017, 0.384422, 0.466062, 0.879537, 1.9395, 5.98184, 7.18652
1.80435, 0.606443, 0.531393, 0.519793, 1.01394, 1.70766, 1.05685, 0.837383, 1.4209
1.6304, 0.744025, 0.405497, 0.400622, 1.12286, 1.60887, 0.601034, 1.17713, 1.99184
1.02867, 0.856006, 0.330361, 0.650818, 1.06713, 1.13856, 0.587367, 0.803876, 0.898472
1.2567, 0.911096, 0.724633, 0.919942, 0.899145, 1.03076, 0.637657, 0.792035, 0.593157
1.73399, 0.782968, 0.902105, 0.865957, 1.19338, 1.41608, 0.485943, 1.09789, 0.834254
1.32618, 0.435781, 0.935001, 0.807185, 1.05025, 0.970845, 0.211667, 0.274242, 0.200336
